0
378
1836
1865
1881
1896
1898
1900
1904
1908
1911
1913
1916
1921
1924
1949
1951
1952
1955
1960
1962
1966
1968
1971
1972
1975
1989
1991
1992
1994
1996
1997
1999
2000
2002
2004
2009
2011
2012
2014
2187
2188
2189
2190
2191
2193
2194
2196
2197
2204
2206
2209
2214
2216
2240
2257
2258
2259
2262
2276
2312
2313
2314
2317
2322
2324
2325
2329
2330
2335
2338
2339
2346
2348
2352
2354
2356
2366
2369
2374
2376
2380
2382
2383
2385
2388
2391
2392
2395
2397
2399
2415
2421
2423
2425
2427
2431
2433
2441
2449
2454
2457
2459
2462
2470
2483
2529
2532
2536
2538
2543
2546
2549
2550
2551
2565
2566
2569
2575
2584
2589
2592
2593
2595
2639
2641
2644
2645
2649
2713
2715
2717
2720
2725
2751
2779
2792
2794
2805
2840
2842
2843
2844
2845
2847
2849
2851
2852
2853
2855
2856
2858
2859
2860
2862
2864
2870
2872
2876
2879
2880
2881
2883
2884
2885
2886
2888
2890
2892
2893
2895
2897
2899
2900
2903
2905
2907
2909
2910
2911
2912
2915
2916
2917
2920
2922
2924
2926
2929
2930
2932
2933
2949
2950
2952
2954
2956
2958
2959
2961
2963
2965
2968
2980
2982
2984
2986
2987
2989
2991
2992
2995
2997
3000
3011
3012
3015
3017
3018
3020
3022
3057
3063
3066
3067
3090
3091
3093
3096
3097
3099
3105
3107
3109
3110
3112
3114
3119
3121
3123
3125
3127
3129
3131
3133
3136
3138
3143
3145
3147
3150
3152
3153
3154
3156
3158
3159
3161
3163
3168
3169
3171
3173
3175
3176
3181
3183
3184
3185
3186
3188
3190
3191
3193
3194
3196
3198
3199
3200
3202
3203
3205
3206
3208
3209
3211
3212
3214
3215
3216
3220
3222
3231
3235
3237
3239
3240
3241
3242
3243
3245
3247
3249
3251
3252
3254
3259
3265
3268
3270
3273
3278
3281
3283
3285
3288
3290
3292
3295
3299
3329
3337
3343
3348
3349
3372
3375
3385
3387
3388
3390
3410
3414
3415
3418
3420
3422
3426
3429
3434
3435
3437
3438
3442
3443
3446
3448
3451
3487
3489
3504
3507
3508
3509
3511
3517
3519
3525
3527
3536
3538
3539
3540
3541
3543
3545
3550
3552
3555
3556
3568
3570
3571
3575
3576
3581
3586
3589
3595
3601
3611
3619
3621
3622
3625
3627
3628
3630
3648
3649
3653
3655
3661
3663
3664
3666
3668
3670
3671
3673
3674
3676
3679
3681
3683
3686
3693
3694
3696
3699
3702
3704
3707
3708
3712
3713
3717
3725
3727
3738
3741
3742
3743
3744
3745
3752
3754
3756
3763
3769
3777
3779
3781
3783
3784
3786
3788
3793
3796
3797
3799
3800
3803
3806
3813
3817
3819
3820
3822
3824
3833
3836
3857
3858
3860
3862
3863
3865
3870
3872
3874
3877
3880
3885
3887
3889
3890
3892
3946
3949
3950
3951
3953
3954
3961
3970
3971
3973
3975
3977
3979
3980
3981
3985
3987
3988
3991
3993
3994
3996
3997
3999
4001
4002
4005
4008
4010
4011
4013
4015
4020
4021
4023
4025
4027
4028
4029
4031
4033
4034
4035
4036
4040
4044
4050
4051
4052
4054
4055
4057
4060
4063
4065
4067
4069
4071
4076
4077
4081
4083
4085
4087
4089
4091
4093
4095
4107
4108
4116
4118
4121
4122
4127
4130
4132
4133
4135
4138
4143
4146
4148
4150
4151
4153
4155
4160
4163
4165
4208
4211
4220
4222
4224
4227
4229
4233
4235
4236
4237
4239
4241
4249
4250
4251
4254
4256
4259
4261
4263
4264
4266
4268
4270
4272
4274
4278
4279
4280
4282
4285
4287
4288
4290
4292
4295
4297
4299
4302
4304
4305
4309
4310
4313
4318
4321
4324
4325
4330
4331
4332
4334
4337
4338
4339
4342
4347
4349
4352
4354
4356
4359
4361
4366
4409
4413
4415
4418
4420
4423
4425
4431
4436
4438
4443
4446
4447
4450
4454
4456
4458
4462
4469
4471
4475
4478
4479
4481
4484
4485
4486
4488
4490
4492
4495
4497
4499
4505
4506
4508
4512
4513
4516
4517
4519
4520
4523
4525
4527
4529
4561
4564
4567
4569
4571
4572
4576
4579
4581
4582
4584
4586
4589
4591
4593
4595
4597
4598
4599
4602
4603
4605
4606
4608
4610
4612
4613
4616
4618
4620
4623
4624
4625
4627
4629
4634
4635
4638
4640
4642
4644
4647
4649
4651
4654
4661
4663
4667
4672
4675
4677
4680
4683
4684
4686
4688
4691
4692
4693
4694
4695
4698
4700
4702
4704
4706
4709
4711
4712
4715
4716
4719
4721
4723
4725
4727
4729
4731
4737
4738
4739
4747
4749
4753
4755
4756
4759
4762
4764
4766
4769
4771
4773
4774
4775
4776
4778
4779
4783
4784
4785
4786
4787
4788
4791
4793
4795
4797
4798
4799
4802
4804
4812
4815
4817
4818
4820
4822
4824
4828
4830
4833
4834
4843
4844
4846
4848
4854
4856
4858
4860
4864
4869
4870
4872
4887
4891
4893
4895
4896
4898
4901
4906
4918
4925
4941
4949
4951
4955
4957
4960
4961
4964
4965
4968
4973
4975
4979
4985
4986
4988
4990
4992
4996
4998
5000
5002
5003
5004
5008
5012
5016
5018
5020
5024
5026
5028
5030
5043
5046
5048
5050
5053
5055
5057
5060
5062
5064
5066
5068
5070
5072
5074
5076
5079
5080
5081
5084
5086
5087
5089
5091
5093
5095
5097
5098
5100
5102
5104
5106
5111
5113
5114
5116
5120
5121
5122
5124
5126
5128
5131
5133
5165
5209
5211
5213
5214
5217
5219
5221
5223
5225
5228
5231
5233
5235
5237
5239
5241
5249
5250
5252
5254
5256
5258
5263
5265
5268
5269
5270
5272
5274
5276
5277
5278
5279
5288
5289
5291
5292
5297
5300
5302
5304
5306
5307
5309
5311
5313
5315
5317
5320
5322
5324
5326
5328
5329
5331
5332
5334
5335
5337
5341
5343
5345
5347
5350
5352
5356
5361
5362
5365
5366
5367
5368
5370
5371
5373
5375
5377
5379
5381
5383
5385
5386
5388
5390
5392
5394
5397
5399
5404
5407
5409
5411
5413
5416
5417
5418
5419
5420
5422
5424
5427
5429
5431
5434
5440
5444
5447
5451
5454
5456
5489
5491
5494
5496
5498
5500
5503
5504
5506
5511
5515
5517
5521
5523
5525
5526
5527
5529
5532
5533
5535
5538
5540
5543
5545
5549
5552
5553
5556
5557
5559
5562
5565
5567
5569
5570
5572
5573
5577
5580
5582
5584
5586
5590
5592
5593
5595
5597
5600
5602
5603
5605
5607
5609
5611
5613
5618
5620
5623
5624
5628
5630
5632
5634
5635
5638
5640
5657
5659
5660
5661
5663
5665
5667
5672
5674
5677
5681
5687
5688
5690
5691
5693
5695
5697
5699
5702
5704
5705
5707
5710
5712
5713
5715
5717
5720
5723
5724
5725
5730
5743
5745
5747
5749
5751
5753
5754
5757
5760
5763
5766
6052
6115
6119
6120
6123
6126
6129
6132
6134
6137
6140
6142
6145
6147
6149
6150
6152
6154
6156
6158
6160
6161
6164
6167
6169
6170
6171
6172
6174
6176
6178
6180
6182
6183
6185
6187
6189
6192
6193
6195
6197
6198
6200
6202
6204
6206
6207
6208
6210
6212
6214
6215
6217
6220
6222
6224
6226
6228
6230
6232
6234
6235
6237
6239
6241
6242
6245
6247
6249
6250
6251
6253
6255
6257
6259
6260
6262
6263
6264
6281
6283
6285
6287
6289
6291
6293
6294
6298
6299
6302
6304
6306
6309
6310
6313
6316
6317
6319
6320
6322
6324
6329
6331
6332
6334
6335
6336
6337
6339
6341
6343
6345
6457
6460
6462
6463
6465
6467
6469
6471
6475
6477
6478
6485
6490
6492
6495
6497
6500
6501
6504
6508
6510
6513
6515
6517
6519
6523
6525
6527
6528
6529
6531
6533
6535
6537
6539
6541
6546
6547
6549
6552
6554
6556
6558
6560
6562
6565
6567
6569
6573
6575
6580
6581
6583
6585
6588
6591
6594
6596
6598
6600
6602
6604
6606
6608
6610
6612
6614
6621
6622
6624
6626
6628
6630
6631
6633
6635
6637
6638
6646
6648
6650
6652
6654
6656
6658
6662
6665
6668
6670
6672
6677
6733
6739
6776
6782
6783
6785
6806
6814
6817
6827
6845
6852
6853
6862
6898
6909
6928
6940
6943
6959
7211
7215
7218
7221
7254
7261
7292
7295
7323
7325
7326
7328
7334
7339
7344
7346
7348
7349
7351
7355
7357
7390
7391
7393
7406
7408
7410
7413
7416
7418
7420
7422
7427
7430
7432
7434
7436
7438
7440
7443
7444
7446
7448
7449
7453
7458
7460
7462
7463
7466
7469
7471
7473
7475
7478
7480
7481
7484
7487
7490
7493
7494
7497
7499
7501
7502
7504
7507
7513
7515
7517
7519
7521
7526
7528
7530
7547
7548
7550
7551
7552
7554
7556
7557
7560
7562
7563
7564
7566
7568
7571
7573
7576
7578
7580
7582
7584
7586
7588
7590
7592
7596
7598
7600
7603
7605
7607
7608
7610
7612
7615
7618
7620
7622
7624
7626
7627
7630
7632
7635
7639
7641
7643
7645
7646
7648
7649
7660
7662
7667
7669
7670
7672
7673
7675
7677
7679
7680
7681
7683
7685
7687
7688
7691
7692
7695
7696
7697
7698
7699
7700
7701
7703
7704
7705
7706
7708
7709
7712
7713
7714
7715
7716
7717
7718
7719
7720
7724
7725
7727
7728
7729
7730
7731
7732
7734
7735
7736
7738
7739
7740
7741
7742
7743
7744
7745
7746
7748
7750
7752
7753
7754
7755
7756
7757
7759
7760
7762
7763
7764
7767
7768
7769
7770
7771
7772
7773
7774
7775
7776
7777
7778
7781
7782
7783
7784
7785
7786
7787
7789
7790
7791
7885
7887
7888
7898
7901
7902
7903
7913
7914
7945
7946
7947
7961
7962
7964
7984
7985
7999
8001
8005
8008
8013
8017
8032
8034
8035
8044
8046
8048
8050
8053
8055
8058
8061
8066
8068
8069
8071
8073
8075
8080
8081
8084
8086
8087
8090
8093
8094
8095
8098
8100
8101
8102
8104
8106
8107
8112
8113
8115
8117
8119
8121
8122
8124
8126
8129
8130
8137
8140
8142
8144
8146
8160
8163
8166
8167
8169
8171
8181
8183
8184
8185
8186
8187
8188
8190
8193
8195
8198
8247
8248
8249
8253
8257
8259
8262
8263
8265
8267
8276
8278
8279
8326
8328
8330
8332
8335
8338
8340
8342
8344
8355
8357
8358
8359
8361
8363
8366
8368
8372
8373
8376
8377
8384
8386
8387
8391
8394
8395
8396
8398
8399
8400
8401
8404
8406
8407
8411
8412
8414
8417
8419
8421
8423
8425
8427
8429
8431
8433
8434
8437
8439
8441
8443
8446
8448
8450
8452
8453
8457
8459
8466
8468
8470
8472
8474
8476
8478
8481
8483
8486
8488
8490
8493
8495
8497
8499
8501
8504
8506
8508
8509
8513
8515
8519
8522
8525
8526
8528
8538
8541
8543
8547
8550
8552
8557
8562
8564
8566
8568
8570
8576
8579
8580
8582
8583
8587
8589
8591
8594
8598
8600
8618
8625
8634
8648
8658
8660
8663
8666
8668
8671
8804
8806
8811
8813
8817
8818
8824
8828
8832
8834
8842
8845
8847
8897
8903
8906
8907
8918
8923
8925
8931
8932
8933
8934
8936
8938
8940
8946
8947
8948
8952
8956
8959
8963
8967
8969
8970
8972
8977
8979
8999
9001
9005
9007
9009
9011
9014
9016
9018
9020
9022
9024
9026
9029
9032
9039
9041
9044
9046
9048
9050
9052
9053
9054
9058
9060
9062
9066
9070
9072
9073
9074
9075
9077
9078
9082
9083
9084
9089
9092
9095
9097
9100
9102
9103
9106
9108
9110
9112
9113
9115
9117
9119
9120
9121
9122
9125
9126
9129
9132
9134
9136
9138
9143
9145
9148
9154
9155
9159
9161
9162
9177
9180
9181
9183
9184
9185
9188
9189
9190
9192
9194
9196
9198
9200
9202
9204
9206
9208
9210
9212
9213
9214
9216
9218
9220
9222
9224
9225
9226
9227
9228
9229
9231
9234
9236
9238
9239
9241
9242
9243
9245
9253
9256
9258
9260
9263
9266
9268
9270
9272
9276
9282
9285
9292
9295
9298
9303
9305
9307
9310
9312
9315
9316
9318
9319
9321
9322
9326
9328
9329
9330
9332
9334
9335
9337
9339
9341
9343
9346
9348
9351
9353
9355
9356
9357
9360
9361
9363
9365
9366
9367
9368
9369
9371
9373
9375
9377
9379
9380
9382
9384
9386
9388
9393
9395
9396
9397
9399
9401
9402
9403
9583
9586
9588
9591
9594
9596
9598
9601
9604
9607
9609
9611
9613
9615
9617
9619
9621
9622
9623
9625
9627
9628
9631
9636
9637
9639
9641
9643
9645
9647
9649
9651
9653
9655
9657
9659
9661
9662
9665
9668
9670
9673
9675
9677
9679
9681
9684
9686
9687
9688
9691
9693
9694
9695
9696
9698
9700
9702
9703
9704
9706
9708
9709
9711
9713
9715
9717
9718
9719
9721
9723
9725
9727
9729
9730
9732
9735
9736
9738
9740
9743
9744
9745
9747
9748
9750
9752
9753
9754
9756
9758
9760
9761
9763
9765
9767
9768
9772
9774
9775
9778
9779
9780
9783
9784
9785
9787
9789
9791
9793
9794
9796
9799
9800
9802
9804
9806
9808
9810
9812
9814
9816
9818
9819
9822
9824
9827
9829
9833
9843
9845
9847
9849
9852
9854
9863
9865
9867
9868
9869
9870
9871
9877
9881
9882
9885
9890
9894
9896
9897
9898
9900
9902
9903
9905
9907
9910
9912
9916
9918
9921
9922
9924
9925
9926
9928
9929
9930
9932
9933
9935
9937
9938
9941
9943
9945
9958
9961
9966
9968
9971
9973
9974
9979
9980
9982
9984
9986
9989
9991
9993
9995
9997
9999
10002
10004
10006
10008
10010
10012
10015
10016
10018
10019
10020
10022
10024
10025
10027
10034
10036
10040
10042
10044
10046
10048
10050
10051
10053
10055
10059
10061
10189
10195
10197
10206
10207
10212
10216
10218
10220
10221
10225
10227
10229
10231
10246
10251
10253
10255
10257
10261
10263
10264
10266
10269
10272
10274
10275
10279
10281
10283
10285
10286
10288
10291
10293
10296
10299
10301
10303
10304
10306
10308
10310
10314
10319
10321
10326
10328
10329
10330
10334
10336
10341
10344
10345
10347
10349
10352
10354
10357
10359
10361
10362
10365
10369
10373
10431
10435
10437
10441
10444
10463
10469
10474
10475
10477
10483
10487
10491
10493
10500
10502
10505
10508
10509
10511
10513
10516
10517
10519
10521
10522
10523
10525
10526
10527
10533
10534
10535
10536
10538
10545
10548
10549
10552
10559
10561
10570
10573
10574
10577
10578
10651
10653
10655
10657
10663
10665
10668
10669
10675
10677
10678
10679
10682
10683
10686
10688
10689
10692
10693
10698
10700
10701
10702
10705
10707
10708
10709
10710
10711
10712
10713
10714
10715
10716
10718
10719
10720
10721
10722
10723
10724
10725
10726
10727
10728
10730
10732
10733
10734
10735
10736
10737
10738
10739
10741
10743
10747
10764
10766
10768
10773
10774
10776
10777
10778
10779
10782
10784
10785
10787
10788
10790
10792
10793
10795
10797
10799
10802
10804
10806
10807
10808
10810
10811
10813
10814
10815
10816
10817
10819
10820
10821
10822
10825
10826
10827
10828
10829
10831
10833
10835
10838
10842
10846
10848
10856
10857
10858
10878
10879
10881
10885
10887
10889
10891
10893
10894
10896
10897
10899
10902
10906
10907
10910
10922
10924
10925
10926
10928
10931
10933
10934
10936
10937
10939
10947
10949
10951
10953
10955
10957
10959
10961
10963
10965
10967
10969
10970
10972
10974
10975
10976
10978
10979
10982
10984
10987
10989
10990
10991
10992
10993
11001
11012
11014
11016
11017
11019
11022
11028
11040
11045
11059
11065
11067
11070
11076
11078
11080
11086
11092
11094
11095
11097
11100
11106
11108
11113
11115
11117
11121
11122
11124
11127
11129
11133
11136
11139
11144
11152
11158
11160
11162
11167
11168
11170
11172
11174
11175
11178
11179
11181
11183
11187
11190
11191
11192
11194
11195
11196
11198
11200
11205
11206
11208
11209
11211
11212
11213
11216
11219
11222
11223
11224
11227
11229
11233
11234
11236
11237
11241
11245
11246
11249
11250
11252
11253
11255
11257
11258
11260
11262
11263
11266
11268
11269
11271
11275
11277
11281
11282
11283
11284
11285
11286
11287
11292
11294
11295
11297
11298
11299
11300
11302
11304
11306
11307
11308
11310
11327
11328
11329
11331
11332
11334
11337
11339
11343
11353
11355
11356
11358
11365
11369
11372
11374
11376
11378
11380
11383
11385
11387
11389
11390
11391
11393
11394
11396
11398
11399
11405
11409
11423
11425
11426
11428
11431
11433
11436
11439
11441
11449
11451
11455
11457
11458
11460
11462
11464
11466
11468
11470
11472
11496
11499
11501
11504
11506
11507
11508
11509
11510
11511
11512
11513
11515
11520
11521
11522
11524
11525
11530
11532
11533
11534
11535
11537
11538
11539
11540
11541
11542
11543
11552
11555
11556
11557
11560
11561
11562
11563
11565
11567
11586
11588
11589
11591
11592
11595
11597
11598
11601
11610
11611
11613
11619
11624
11625
11627
11631
11637
11639
11640
11642
11643
11645
11646
11647
11650
11651
11653
11656
11657
11659
11664
11666
11668
11670
11672
11675
11686
11688
11689
11691
11694
11696
11697
11701
11702
11705
11706
11707
11710
11711
11713
11714
11716
11718
11727
11753
11754
11755
11757
11759
11761
11762
11763
11765
11767
11768
11769
11771
11774
11776
11785
11787
11788
11789
11791
11793
11796
11803
11829
11830
11832
11833
11838
11839
11840
11841
11842
11843
11844
11845
11846
11847
11849
11856
11857
11861
11862
11863
11864
11866
11869
11874
11876
11878
11880
11882
11887
11901
11919
11930
11932
11937
11945
11946
11955
11956
11969
11970
11974
11981
11985
11993
11999
12002
12009
12012
12013
12016
12019
12024
12028
12032
12035
12038
12040
12042
12045
12049
12051
12052
12054
12059
12061
12064
12068
12070
12072
12076
12077
12079
12082
12086
12089
12091
12093
12095
12097
12099
12102
12104
12105
12106
12108
12110
12119
12120
12124
12127
12130
12132
12134
12136
12137
12140
12141
12142
12145
12147
12149
12151
12152
12155
12157
12159
12161
12164
12166
12167
12171
12174
12175
12177
12178
12180
12181
12182
12193
12195
12196
12199
12202
12204
12206
12209
12211
12213
12222
12223
12224
12226
12228
12236
12237
12238
12241
12244
12247
12250
12252
12255
12257
12259
12261
12263
12264
12265
12267
12268
12271
12275
12277
12278
12279
12304
12306
12308
12310
12312
12316
12317
12324
12326
12327
12328
12330
12332
12338
12339
12342
12344
12345
12346
12347
12350
12352
12354
12356
12361
12363
12367
12368
12370
12373
12375
12376
12377
12379
12380
12381
12383
12388
12392
12394
12396
12398
12400
12402
12404
12406
12408
12410
12415
12417
12418
12419
12421
12423
12425
12427
12430
12431
12432
12435
12437
12439
12441
12445
12447
12448
12450
12453
12454
12456
12457
12459
12460
12462
12464
12466
12468
12469
12472
12473
12474
12476
12484
12485
12487
12489
12491
12494
12495
12496
12498
12499
12501
12503
12505
12507
12509
12512
12513
12515
12517
12519
12521
12522
12524
12526
12527
12528
12529
12530
12532
12534
12536
12537
12539
12540
12544
12551
12553
12555
12557
12560
12561
12562
12564
12565
12566
12568
12569
12571
12573
12575
12577
12578
12580
12582
12583
12585
12586
12588
12590
12591
12606
12610
12612
12615
12617
12619
12620
12642
12645
12646
12647
12648
12649
12651
12652
12653
12661
12663
12665
12666
12668
12670
12671
12672
12707
12710
12714
12715
12764
12768
12769
12770
12771
12776
12778
12779
12780
12781
12795
12796
12857
12861
12862
12863
12864
12868
12869
12870
12871
12872
12879
12880
12881
12884
12887
12889
12891
12894
12895
12897
12898
12899
12912
12913
12914
12917
12918
12921
12923
12924
12925
12926
12927
12961
12964
12967
12969
12970
12972
13002
13005
13012
13015
13017
13018
13019
13020
13022
13024
13025
13027
13028
13029
13031
13033
13039
13040
13042
13045
13047
13049
13052
13055
13057
13059
13063
13065
13067
13068
13070
13071
13073
13078
13079
13081
13082
13083
13095
13097
13098
13100
13101
13102
13104
13107
13108
13109
13111
13119
13122
13126
13129
13148
13152
13165
13168
13169
13170
13183
13190
13192
13216
13221
13223
13226
13230
13232
13234
13235
13236
13238
13250
13252
13254
13256
13259
13261
13263
13265
13267
13268
13270
13273
13275
13278
13286
13290
13291
13293
13296
13298
13300
13301
13346
13349
13350
13364
13365
13367
13369
13370
13372
13373
13375
13401
13403
13406
13408
13411
13415
13418
13425
13426
13428
13431
13434
13435
13436
13437
13439
13442
13444
13446
13447
13448
13455
13456
13458
13459
13460
13461
13463
13464
13466
13467
13470
13486
13489
13491
13493
13496
13499
13501
13502
13505
13507
13512
13513
13514
13515
13518
13519
13522
13524
13525
13527
13529
13532
13534
13536
13537
13539
13540
13541
13543
13545
13547
13549
13551
13552
13633
13635
13638
13640
13642
13644
13645
13647
13648
13650
13652
13653
13655
13658
13660
13662
13663
13665
13667
13668
13670
13673
13676
13678
13680
13682
13683
13685
13688
13690
13691
13693
13695
13696
13698
13701
13705
13708
13710
13712
13713
13715
13717
13719
13721
13722
13723
13725
13726
13728
13730
13731
13733
13735
13737
13740
13742
13743
13745
13747
13749
13751
13753
13755
13758
13760
13762
13763
13765
13768
13769
13770
13771
13773
13775
13776
13778
13780
13783
13791
13794
13795
13798
13808
13810
13812
13815
13817
13819
13821
13824
13827
13829
13831
13833
13835
13837
13839
13841
13843
13844
13853
13855
13857
13858
13859
13861
13863
13865
13866
13867
13868
14094
14101
14102
14104
14105
14107
14108
14109
14112
14114
14116
14117
14119
14123
14124
14125
14128
14130
14137
14139
14140
14142
14146
14148
14149
14151
14152
14153
14155
14156
14157
14160
14161
14164
14168
14171
14173
14174
14176
14180
14183
14184
14189
14194
14195
14196
14198
14200
14203
14205
14208
14211
14214
14216
14218
14219
14222
14223
14224
14225
14227
14230
14232
14234
14235
14238
14239
14241
14243
14244
14245
14246
14249
14250
14251
14252
14253
14254
14261
14268
14274
14275
14277
14278
14279
14280
14284
14296
14314
14316
14318
14319
14320
14321
14322
14323
14325
14327
14328
14330
14332
14343
14344
14346
14347
14350
14351
14353
14355
14356
14358
14366
14374
14376
14378
14380
14381
14382
14384
14385
14387
14388
14390
14392
14394
14395
14397
14412
14413
14418
14433
14435
14438
14442
14446
14447
14448
14449
14452
14454
14458
14462
14464
14465
14469
14504
14507
14510
14511
14512
14514
14515
14516
14517
14520
14521
14524
14526
14527
14530
14533
14542
14543
14545
14546
14548
14550
14551
14552
14554
14555
14557
14558
14559
14563
14565
14568
14570
14572
14574
14578
14583
14584
14587
14588
14591
14593
14595
14597
14598
14600
14602
14603
14605
14607
14609
14611
14612
14615
14616
14617
14618
14619
14621
14624
14631
14633
14634
14635
14637
14643
14646
14648
14650
14651
14652
14653
14654
14656
14658
14659
14660
14673
14674
14675
14681
14695
14696
14697
14708
14710
14711
14717
14718
14720
14722
14725
14726
14727
14728
14729
14730
14731
14736
14737
14739
14740
14743
14746
14748
14750
14751
14756
14758
14760
14761
14762
14765
14766
14770
14773
14791
14793
14798
14803
14813
14817
14822
14827
14829
14831
14832
14834
14835
14837
14838
14840
14844
14845
14847
14849
14850
14852
14855
14860
14862
14864
14865
14867
14870
14872
14874
14889
14891
14892
14894
14896
14897
14904
14906
14930
14932
14934
14935
14937
14941
14942
14944
14945
14947
14949
15004
15006
15007
15008
15009
15010
15012
15014
15020
15022
15023
15032
15035
15038
15041
15043
15049
15051
15052
15057
15067
15069
15072
15074
15077
15078
15079
15086
15087
15089
15092
15094
15096
15097
15110
15112
15113
15114
15116
15117
15119
15120
15122
15124
15125
15127
15130
15131
15132
15134
15136
15137
15145
15150
15151
15153
15155
15156
15157
15162
15164
15165
15169
15170
15171
15173
15174
15176
15178
15179
15183
15184
15187
15188
15189
15190
15191
15194
15196
15198
15199
15202
15203
15207
15210
15211
15213
15216
15218
15226
15227
15229
15235
15237
15238
15240
15242
15245
15246
15248
15250
15251
15263
15265
15267
15269
15271
15276
15277
15279
15281
15283
15284
15287
15288
15291
15292
15295
15297
15300
15301
15303
15305
15311
15313
15315
15316
15318
15321
15323
15324
15326
15328
15341
15357
15359
15360
15362
15364
15367
15368
15370
15371
15373
15375
15376
15377
15380
15382
15383
15385
15387
15388
15389
15390
15391
15393
15395
15397
15399
15401
15403
15405
15407
15409
15410
15412
15414
15416
15418
15421
15425
15428
15430
15432
15437
15439
15442
15446
15450
15451
15452
15455
15459
15460
15465
15489
15491
15509
15512
15516
15518
15519
15521
15525
15527
15528
15530
15534
15536
15623
15625
15627
15628
15629
15630
15632
15633
15635
15636
15637
15638
15640
15642
15648
15664
15666
15672
15681
15683
15688
15692
15693
15694
15697
15700
15701
15702
15707
15709
15711
15713
15718
15723
15725
15727
15729
15731
15732
15733
15734
15736
15737
15739
15741
15743
15744
15746
15747
15749
15751
15755
15757
15760
15765
15767
15769
15770
15772
15773
15775
15776
15778
15779
15780
15782
15784
15789
15791
15792
15794
15795
15796
15798
15800
15801
15803
15804
15806
15808
15810
15812
15814
15815
15816
15817
15818
15820
15822
15825
15828
15831
15832
15834
15836
15839
15840
15841
15843
15845
15847
15849
15850
15852
15854
15856
15857
15859
15860
15862
15864
15866
15868
15870
15873
15875
15877
15879
15880
15881
15883
15884
15885
15887
15889
15890
15892
15893
15895
15896
15897
15899
15901
15909
15911
15913
15915
15916
15917
15918
15919
15921
15922
15923
15949
15951
15953
15954
15955
15956
15958
15959
15961
15963
15964
16066
16067
16069
16070
16072
16073
16075
16077
16079
16081
16083
16085
16087
16090
16093
16094
16095
16097
16098
16099
16101
16102
16103
16107
16108
16109
16114
16115
16116
16118
16121
16123
16125
16126
16128
16129
16130
16131
16133
16135
16136
16138
16140
16142
16149
16150
16155
16157
16160
16161
16162
16166
16167
16168
16169
16170
16300
16301
16303
16306
16308
16310
16311
16313
16315
16316
16318
16385
16386
16388
16389
16392
16393
16394
16395
16397
16398
16400
16402
16404
16407
16408
16410
16412
16413
16414
16415
16417
16418
16420
16421
16423
16424
16427
16428
16430
16432
16433
16435
16437
16439
16441
16442
16443
16445
16446
16447
16448
16450
16452
16454
16472
16473
16475
16476
16477
16479
16482
16483
16484
16485
16487
16488
16490
16491
16492
16493
16494
16495
16497
16498
16500
16501
16502
16503
16504
16505
16507
16508
16509
16510
16511
16513
16514
16515
16526
16528
16529
16530
16531
16532
16533
16534
16536
16537
16538
16542
16543
16545
16547
16549
16551
16552
16553
16555
16557
16558
16559
16564
16565
16566
16568
16573
16574
16576
16578
16579
16580
16583
16587
16593
16594
16595
16596
16598
16600
16602
16603
16604
16606
16607
16608
16610
16611
16612
16616
16617
16618
16619
16620
16621
16624
16627
16629
16630
16632
16634
16636
16639
16640
16642
16650
16651
16652
16654
16656
16658
16660
16661
16666
16668
16670
16699
16713
16714
16726
16727
16728
16730
16731
16733
16735
16736
16737
16758
16759
16764
16768
16773
16775
16777
16780
16788
16789
16791
16793
16796
16800
16812
16813
16815
16818
16819
16820
16823
16830
16831
16833
16836
16839
16841
16843
16846
16849
16851
16852
16855
16856
16858
16860
16861
16863
16864
16865
16866
16868
16869
16870
16872
16883
16884
16886
16888
16889
16891
16894
16896
16897
16898
16899
16900
16901
16904
16906
16907
16908
16910
16911
16913
16914
16915
16917
16918
16920
16922
16927
16929
16932
16934
16936
16938
16939
16941
16943
16945
16946
16947
16948
16949
16953
16964
16966
16967
16968
16969
16970
16971
16972
16973
16974
16976
16981
16983
17123
17127
17130
17134
17136
17138
17140
17142
17143
17149
17151
17152
17153
17154
17155
17156
17158
17159
17160
17162
17163
17165
17166
17167
17170
17171
17174
17176
17179
17180
17181
17183
17184
17185
17186
17190
17191
17192
17195
17197
17199
17204
17205
17208
17209
17211
17214
17217
17218
17219
17221
17222
17223
17225
17226
17227
17228
17230
17231
17232
17236
17237
17238
17241
17242
17243
17244
17246
17248
17264
17265
17267
17269
17271
17272
17274
17275
17277
17278
17280
17282
17283
17285
17286
17288
17291
17292
17293
17295
17296
17298
17300
17302
17303
17305
17307
17308
17311
17312
17314
17316
17319
17321
17322
17323
17324
17326
17329
17332
17333
17334
17335
17420
17423
17425
17426
17429
17431
17432
17433
17438
17440
17441
17451
17454
17455
17457
17458
17459
17460
17461
17462
17464
17465
17471
17473
17474
17475
17476
17479
17480
17481
17482
17483
17484
17485
17487
17488
17489
17490
17491
17495
17496
17499
17501
17504
17505
17507
17508
17509
17510
17521
17522
17523
17525
17526
17527
17529
17533
17534
17535
17537
17538
17540
17541
17544
17545
17546
17547
17548
17550
17553
17554
17555
17558
17560
17561
17562
17563
17565
17566
17568
17569
17570
17571
17576
17585
17587
17591
17592
17595
17598
17608
17609
17612
17613
17614
17616
17618
17619
17620
17622
17625
17626
17628
17630
17631
17632
17633
17634
17635
17637
17638
17700
17703
17704
17705
17707
17708
17709
17710
17711
17712
17713
17714
17715
17716
17717
17718
17719
17720
17725
17727
17730
17733
17734
17737
17738
17740
17742
17744
17745
17747
17748
17749
17750
17751
17753
17754
17755
17756
17758
17760
17761
17762
17763
17766
17768
17769
17770
17772
17774
17775
17776
17777
17778
17779
17780
17781
17784
17785
17787
17789
17790
17791
17792
17795
17796
17797
17798
17805
17806
17807
17809
17810
17811
17812
17813
17815
17816
17817
17819
17820
17821
17822
17823
17825
17826
17828
17829
17831
17833
17837
17841
17842
17843
17845
17846
17847
17848
17849
17850
17851
17853
17854
17855
17856
17858
17860
17862
17864
17866
17868
17870
17885
17886
17888
17889
17891
17892
17893
17895
17896
17897
17900
17902
17904
17905
17906
17907
17908
17911
17912
17913
17914
17916
17918
17920
17923
17925
17929
17930
17933
17935
17936
17937
17940
17941
17942
17943
17946
17948
17952
17954
17957
17959
17963
17966
17972
17980
17982
17986
17990
17994
17996
18000
18003
18007
18009
18014
18023
18026
18032
18033
18038
18040
18041
18043
18046
18047
18048
18076
18077
18081
18082
18084
18086
18088
18090
18092
18094
18095
18109
18110
18111
18113
18114
18115
18117
18119
18121
18124
18126
18133
18134
18135
18136
18138
18139
18141
18143
18145
18146
18147
18165
18166
18167
18168
18169
18170
18171
18172
18173
18174
18175
18194
18220
18221
18222
18224
18225
18226
18227
18228
18231
18235
18236
18238
18239
18241
18243
18245
18255
18257
18267
18271
18273
18274
18278
18279
18280
18282
18283
18284
18286
18288
18291
18292
18293
18296
18299
18301
18302
18304
18305
18306
18307
18308
18309
18310
18311
18312
18313
18314
18315
18316
18318
18320
18321
18322
18324
18325
18326
18327
18328
18329
18330
18332
18335
18337
18339
18340
18343
18345
18346
18355
18356
18358
18359
18360
18361
18362
18370
18399
18406
18407
18408
18410
18412
18413
18415
18416
18417
18418
18419
18420
18422
18423
18424
18426
18427
18428
18430
18431
18432
18441
18442
18443
18444
18445
18446
18447
18449
18451
18452
18453
18456
18586
18587
18588
18590
18591
18592
18594
18596
18597
18599
18604
18711
18712
18713
18714
18715
18716
18718
18720
18721
18722
18723
18741
18742
18743
18745
18746
18749
18751
18754
18756
18758
18760
18762
18763
18765
18766
18767
18769
18771
18772
18775
18776
18777
18779
18781
18782
18783
18785
18787
18788
18789
18790
18792
18794
18796
18797
18798
18800
18802
18804
18805
18807
18809
18811
18812
18814
18816
18819
18820
18822
18824
18825
18826
18828
18830
18831
18832
18834
18836
18838
18840
18842
18843
18844
18846
18847
18849
18852
18854
18855
18859
18860
18862
18864
18865
18866
18868
18869
18871
18872
18873
18874
18875
18876
18878
18880
18882
18883
18884
18932
18934
18937
18938
18941
18943
18945
18946
18948
18950
18952
18954
18959
18961
18963
18966
18968
18969
18970
18972
18974
18975
18976
18998
18999
19000
19002
19003
19004
19006
19008
19009
19010
19011
19028
19030
19032
19034
19035
19036
19038
19039
19040
19041
19043
19045
19046
19047
19048
19049
19050
19051
19052
19053
19054
19055
19058
19059
19060
19062
19065
19067
19068
19069
19071
19074
19076
19077
19079
19081
19082
19083
19085
19086
19087
19088
19089
19090
19092
19094
19095
19098
19099
19101
19102
19103
19104
19105
19106
19108
19111
19112
19113
19114
19117
19118
19120
19122
19125
19127
19129
19131
19133
19134
19136
19137
19138
19139
19140
19141
19142
19165
19175
19176
19180
19181
19182
19185
19186
19188
19189
19190
19191
19193
19195
19196
19198
19202
19205
19206
19207
19208
19210
19211
19213
19214
19215
19217
19218
19219
19220
19221
19222
19223
19224
19226
19227
19228
19229
19230
19231
19233
19234
19235
19237
19239
19241
19242
19243
19244
19247
19249
19251
19252
19253
19257
19258
19260
19261
19263
19265
19267
19268
19269
19270
19272
19273
19276
19278
19281
19282
19287
19288
19289
19291
19292
19293
19295
19298
19301
19303
19304
19305
19307
19308
19311
19313
19315
19317
19318
19319
19320
19321
19322
19323
19324
19326
19328
19331
19332
19333
19361
19364
19368
19369
19370
19372
19374
19375
19376
19377
19378
19388
19391
19392
19393
19394
19396
19398
19399
19400
19401
19402
19403
19405
19407
19408
19409
19410
19412
19413
19414
19415
19418
19419
19421
19422
19423
19424
19426
19428
19429
19430
19431
19432
19433
19435
19437
19439
19440
19441
19443
19445
19446
19447
19449
19451
19453
19454
19457
19461
19462
19463
19465
19466
19467
19468
19469
19474
19476
19477
19478
19479
19480
19481
19482
19483
19484
19485
19487
19489
19491
19494
19495
19496
19497
19498
19503
19506
19507
19509
19510
19511
19513
19516
19517
19519
19520
19521
19522
19526
19528
19530
19531
19532
19533
19535
19536
19537
19538
19539
19540
19543
19544
19545
19547
19549
19553
19555
19559
19560
19562
19565
19593
19596
19598
19600
19602
19606
19608
19610
19612
19613
19615
19616
19618
19619
19621
19622
19623
19624
19625
19627
19628
19629
19630
19632
19633
19634
19635
19637
19640
19641
19643
19645
19646
19647
19649
19650
19653
19654
19655
19657
19658
19659
19663
19664
19666
19668
19669
19670
19671
19673
19675
19676
19678
19681
19683
19685
19687
19688
19689
19690
19691
19692
19693
19694
19695
19696
19697
19698
19699
19706
19707
19708
19709
19711
19713
19714
19715
19718
19721
19723
19726
19727
19728
19729
19731
19732
19733
19734
19737
19739
19740
19741
19742
19743
19744
19746
19748
19749
19752
19754
19756
19757
19758
19759
19760
19761
19762
19763
19764
19765
19766
20457
20597
20636
20637
20639
20640
20642
20643
20644
20645
20646
20647
20648
20649
20651
20653
20654
20655
20656
20657
20658
20659
20661
20662
20664
20665
20666
20667
20668
20669
20670
20671
20673
20674
20676
20678
20679
20680
20681
20682
20683
20684
20685
20686
20687
20688
20694
20696
20698
20699
20701
20702
20703
20706
20707
20708
20710
20712
20713
20714
20715
20717
20718
20722
20723
20724
20726
20727
20729
20730
20731
20732
20733
20734
20735
20736
20737
20738
20739
20742
20744
20745
20746
20747
20748
20749
20750
20751
20752
20753
20756
20757
20758
20759
20761
20762
20763
20764
20765
20766
20767
20769
20770
20771
20772
20773
20774
20775
20777
20780
20781
20782
20801
20804
20805
20806
20807
20808
20809
20810
20812
20813
20815
20816
20818
20820
20823
20824
20825
20826
20827
20828
20829
20830
20831
20835
20837
20838
20839
20840
20841
20842
20843
20844
20845
20846
20848
20849
20850
20851
20852
20854
20855
20856
20857
20858
20859
20860
20861
20862
20863
20864
20865
20867
20868
20869
20871
20872
20874
20876
20877
20878
20880
20881
20882
20883
20884
20887
20888
20889
20890
20892
20894
20896
20897
20898
20899
20900
20901
20902
20903
20904
20906
20907
20908
20909
20911
20912
20913
20914
20915
20916
20918
20920
20921
20923
20926
20928
20929
20930
20932
20934
20935
20937
20938
20939
20940
20941
20942
20943
20944
20945
20946
20998
21000
21003
21004
21005
21006
21007
21009
21011
21013
21015
21016
21017
21018
21020
21021
21025
21026
21027
21028
21030
21031
21032
21035
21037
21038
21039
21040
21041
21043
21046
21047
21048
21049
21051
21053
21054
21055
21056
21057
21058
21059
21060
21062
21063
21068
21069
21070
21071
21072
21073
21074
21075
21076
21077
21078
21083
21085
21086
21088
21095
21096
21097
21099
21101
21102
21103
21107
21109
21111
21112
21113
21114
21115
21118
21120
21122
21124
21126
21130
21131
21132
21135
21136
21138
21140
21141
21142
21143
21146
21147
21148
21149
21150
21152
21153
21157
21158
21160
21161
21232
21233
21235
21236
21238
21240
21241
21242
21243
21244
21247
21316
21321
21322
21323
21324
21325
21326
21327
21328
21329
21331
21332
21387
21388
21389
21391
21392
21393
21394
21395
21397
21399
21400
21401
21405
21407
21409
21410
21411
21414
21415
21416
21418
21419
21424
21426
21428
21429
21430
21431
21432
21434
21435
21436
21438
21440
21441
21443
21444
21446
21448
21449
21450
21451
21453
21454
21460
21461
21463
21464
21465
21466
21467
21469
21470
21471
21472
21476
21477
21478
21479
21480
21481
21482
21483
21485
21486
21487
21489
21490
21491
21492
21493
21495
21496
21497
21498
21499
21501
21503
21505
21506
21507
21508
21509
21510
21511
21512
21513
21514
21516
21517
21519
21520
21521
21522
21523
21524
21525
21526
21527
21566
21568
21569
21570
21572
21573
21574
21575
21576
21577
21578
21579
21581
21582
21584
21585
21586
21587
21588
21590
21591
21592
21593
21595
21596
21597
21598
21599
21600
21601
21602
21603
21604
21605
21607
21608
21609
21610
21611
21612
21613
21614
21615
21616
21617
21619
21620
21621
21622
21623
21624
21625
21626
21627
21628
21629
21631
21632
21633
21634
21635
21636
21637
21638
21639
21640
21641
21643
21644
21645
21646
21647
21649
21650
21651
21652
21653
21654
21655
21656
21657
21658
21659
21661
21662
21714
21715
21717
21720
21763
21764
21766
21769
21774
21777
21782
21786
21788
21794
21806
21820
21822
21824
21827
21828
21830
21833
21885
21890
21891
21893
21901
21903
21905
21907
21911
21914
21916
21925
21927
21928
21930
21932
21936
21939
21942
21943
21945
21951
21953
21955
21957
21958
21959
21962
21964
21968
21970
21976
21978
22379
22389
22395
22397
22400
22403
22405
22407
22410
22412
22413
22416
22418
22419
22421
22423
22425
22426
22429
22438
22442
22444
22445
22453
22455
22457
22459
22461
22464
22466
22468
22470
22471
22473
22475
22477
22479
22480
22485
22487
22489
22493
22496
22498
22501
22505
22507
22510
22512
22514
22516
22520
22523
22525
22527
22529
22531
22533
22535
22537
22540
22542
22544
22548
22549
22552
22555
22593
22596
22598
22600
22602
22604
22606
22608
22610
22611
22614
22634
22635
22642
22643
22644
22647
22648
22649
22650
22653
22655
22657
22661
22663
22665
22667
22669
22672
22674
22675
22677
22680
22682
22684
22686
22688
22690
22692
22695
22700
22701
22703
22705
22814
22816
22818
22894
22897
22901
22903
22906
22908
22909
22911
22914
22917
22919
22920
22921
22923
22924
22925
22927
22948
22950
22963
22972
22996
22997
23001
23004
23005
23007
23011
23013
23014
23029
23031
23032
23033
23035
23037
23039
23040
23049
23050
23051
23052
23055
23056
23057
23060
23090
23100
23117
23118
23147
23168
23169
23181
23182
23183
23185
23187
23192
23193
23248
23329
23343
23358
23392
23401
23410
23422
23433
23459
23465
23473
23477
23518
23520
23530
23531
23541
23548
23549
23569
23571
23608
23612
23617
23618
23622
23623
23624
23627
23637
23640
23645
23646
23648
23649
23650
23654
23657
23659
23704
23707
23710
23712
23714
23715
23716
23739
24489
24494
24513
24563
24597
24627
24649
24654
24657
24661
24663
24664
24667
24669
24670
24673
24678
24693
24695
24697
24700
24702
24703
24721
24732
24740
24769
24798
24800
24801
24811
24815
24827
24828
24838
24853
24859
24868
24875
24876
24877
24882
24891
24920
24922
24925
24933
24946
24948
24955
24961
24964
24976
24977
24979
24980
24981
24984
24985
24986
24988
24991
24994
24995
24996
24998
25008
25009
25013
25014
25016
25017
25018
25019
25020
25021
25022
25023
25025
25026
25028
25041
25042
25044
25046
25048
25049
25051
25053
25056
25058
25060
25062
25065
25067
25068
25070
25071
25078
25079
25081
25082
25083
25085
25087
25089
25138
25140
25141
25143
25144
