0
3
12
19
24
27
37
46
54
62
67
69
74
77
82
84
86
89
91
92
93
95
103
104
109
111
126
131
132
136
137
139
152
175
176
177
181
183
187
189
195
207
214
218
224
226
227
234
239
244
249
252
260
267
269
270
273
276
290
293
295
299
300
301
305
306
309
310
312
315
319
323
325
327
328
329
345
347
369
372
374
390
397
402
405
410
412
420
421
422
436
440
471
480
482
488
490
500
501
503
515
516
517
520
523
524
529
543
545
549
559
561
565
567
568
569
571
573
578
580
586
587
590
591
594
595
597
600
603
608
609
610
613
614
617
619
623
630
632
640
660
661
662
668
670
676
679
681
684
686
705
707
708
710
717
718
719
724
726
730
736
754
759
761
788
798
799
807
808
810
818
837
838
849
853
860
865
866
868
870
873
879
883
884
889
901
902
905
906
911
913
923
935
939
940
942
949
950
951
953
960
962
963
964
969
973
976
986
987
989
996
1009
1011
1014
1018
1019
1021
1026
1031
1032
1036
1039
1043
1053
1055
1056
1059
1061
1066
1075
1080
1089
1090
1121
1122
1124
1126
1134
1138
1140
1144
1145
1147
1149
1150
1156
1162
1164
1169
1176
1184
1188
1192
1198
1203
1226
1228
1229
1232
1234
1237
1243
1246
1250
1252
1256
1266
1269
1271
1274
1275
1281
1283
1288
1291
1293
1296
1310
1311
1314
1316
1317
1322
1323
1327
1329
1371
1374
1377
1383
1385
1388
1389
1392
1400
1403
1405
1409
1420
1430
1437
1439
1444
1456
1458
1469
1471
1472
1477
1478
1479
1481
1482
1500
1507
1521
1535
1538
1543
1546
1548
1561
1563
1564
1586
1587
1588
1606
1607
1608
1609
1610
1612
1613
1617
1627
1629
1630
1632
1643
1648
1655
1660
1661
1662
1664
1668
1669
1673
1675
1680
1715
1717
1718
1719
1720
1721
1722
1754
1763
1766
1771
1792
1793
1797
1799
1800
1810
1811
1817
1820
1830
1831
1832
1834
1837
1845
1847
1849
1851
1852
1878
1884
1892
1901
1908
1909
1912
1931
1934
1938
1940
1946
1955
1963
1965
1969
1971
1973
1974
1986
1987
1989
1996
1998
2000
2005
2011
2013
2017
2032
2036
2040
2043
2066
2068
2071
2075
2081
2082
2084
2089
2092
2104
2130
2132
2138
2140
2141
2145
2149
2152
2153
2169
2171
2176
2177
2182
2187
2188
2195
2196
2197
2202
2203
2205
2218
2221
2239
2241
2243
2245
2246
2249
2251
2253
2257
2260
2267
2270
2274
2276
2280
2288
2299
2307
2320
2322
2333
2341
2343
2346
2354
2355
2380
2387
2388
2390
2399
2404
2406
2409
2410
2412
2434
2443
2455
2456
2458
2460
2462
2470
2483
2486
2488
2495
2516
2529
2532
2537
2551
2556
2560
2561
2563
2564
2567
2569
2571
2572
2579
2581
2582
2583
2585
2588
2590
2595
2596
2609
2613
2614
2620
2635
2636
2637
2639
2643
2645
2653
2656
2664
2666
2667
2672
2692
2698
2716
2721
2722
2724
2727
2732
2735
2739
2741
2744
2745
2765
2768
2771
2773
2775
2783
2784
2786
2791
2803
2805
2806
2807
2810
2812
2813
2816
2819
2826
2838
2843
2850
2853
2854
2855
2857
2866
2871
2872
2873
2878
2881
2891
2892
2893
2901
2902
2904
2906
2911
2913
2917
2921
2922
2925
2926
2927
2933
2937
2938
2950
2952
2956
2967
2969
2976
2984
2986
2992
2997
3001
3003
3006
3013
3015
3020
3023
3024
3025
3046
3061
3068
3069
3071
3076
3086
3089
3099
3101
3102
3105
3112
3162
3165
3174
3184
3190
3192
3193
3195
3196
3204
3206
3207
3215
3217
3221
3222
3225
3228
3238
3244
3247
3249
3252
3255
3258
3262
3265
3266
3267
3276
3280
3281
3282
3283
3299
3304
3306
3308
3309
3322
3324
3325
3330
3331
3358
3360
3364
3365
3367
3369
3386
3389
3392
3431
3434
3436
3439
3444
3446
3448
3449
3456
3458
3467
3469
3470
3480
3482
3487
3491
3495
3497
3531
3535
3536
3539
3541
3547
3556
3560
3566
3567
3574
3580
3585
3602
3612
3616
3617
3618
3620
3622
3624
3625
3627
3645
3653
3654
3659
3660
3663
3664
3666
3731
3732
3737
3738
3740
3742
3746
3764
3766
3774
3776
3778
3781
3784
3791
3794
3799
3802
3804
3806
3808
3811
3814
3815
3816
3819
3824
3825
3830
3831
3832
3833
3846
3884
3886
3887
3893
3895
3899
3937
3947
3951
3960
3962
3970
3972
3975
3976
3988
3991
3994
4001
4003
4032
4058
4064
4067
4068
4076
4079
4082
4088
4091
4092
4096
4110
4118
4120
4138
4146
4158
4162
4166
4168
4171
4172
4174
4194
4206
4215
4216
4219
4221
4226
4243
4244
4245
4248
4252
4258
4261
4263
4265
4267
4268
4280
4285
4286
4288
4290
4298
4306
4308
4315
4319
4327
4333
4336
4343
4344
4347
4355
4359
4361
4373
4379
4389
4392
4393
4404
4405
4410
4413
4416
4417
4425
4436
4439
4440
4443
4459
4471
4478
4479
4492
4494
4502
4504
4513
4515
4518
4531
4533
4561
4567
4572
4574
4581
4583
4589
4599
4601
4602
4611
4613
4621
4622
4625
4628
4632
4638
4642
4645
4657
4659
4664
4665
4668
4669
4674
4680
4684
4711
4714
4732
4736
4738
4749
4780
4782
4783
4796
4797
4798
4801
4816
4818
4823
4825
4826
4836
4840
4845
4846
4850
4852
4862
4864
4878
4881
4885
4886
4889
4893
4894
4898
4901
4904
4927
4929
4944
4949
4953
4954
4956
4975
4985
4988
4996
5010
5013
5020
5023
5024
5025
5027
5046
5049
5058
5060
5062
5065
5076
5085
5095
5103
5116
5117
5128
5132
5133
5137
5144
5148
5151
5154
5157
5164
5185
5239
5241
5245
5250
5252
5257
5260
5264
5265
5272
5290
5294
5303
5340
5341
5343
5344
5348
5350
5351
5353
5377
5379
5382
5385
5389
5395
5397
5399
5402
5403
5405
5422
5425
5431
5433
5434
5437
5440
5443
5448
5454
5456
5464
5474
5475
5483
5484
5488
5489
5512
5513
5516
5517
5519
5530
5533
5544
5553
5559
5565
5569
5586
5588
5589
5592
5594
5596
5599
5602
5604
5622
5624
5626
5644
5647
5651
5655
5659
5661
5671
5679
5685
5686
5690
5699
5700
5720
5742
5744
5748
5749
5753
5767
5773
5774
5782
5790
5792
5794
5795
5798
5799
5801
5812
5817
5835
5841
5842
5845
5851
5854
5857
5864
5865
5866
5868
5870
5871
5890
5897
5900
5902
5903
5918
5927
5934
5936
5941
5951
5955
5958
5961
5968
5970
5971
5974
5986
5987
5998
5999
6001
6003
6004
6007
6031
6033
6034
6035
6036
6039
6040
6042
6046
6047
6048
6051
6073
6079
6084
6094
6100
6101
6118
6120
6126
6135
6139
6141
6145
6146
6148
6155
6158
6160
6170
6171
6180
6195
6214
6254
6262
6264
6271
6283
6293
6333
6336
6341
6347
6348
6358
6361
6363
6365
6367
6376
6381
6387
6398
6400
6403
6405
6408
6411
6412
6418
6419
6424
6436
6437
6440
6441
6442
6444
6460
6466
6474
6475
6477
6499
6501
6508
6519
6520
6524
6535
6546
6571
6574
6577
6580
6582
6586
6590
6591
6592
6593
6597
6598
6599
6600
6602
6625
6627
6629
6636
6638
6670
6672
6675
6676
6681
6683
6684
6694
6699
6711
6712
6715
6722
6724
6728
6733
6734
6735
6736
6743
6744
6756
6758
6761
6762
6768
6770
6787
6788
6789
6791
6793
6794
6797
6800
6804
6806
6810
6812
6821
6829
6833
6836
6839
6841
6846
6848
6851
6866
6867
6870
6894
6896
6903
6906
6914
6916
6918
6919
6920
6923
6924
6935
6937
6938
6961
6973
6975
6978
6980
6982
6983
6990
6991
6992
6995
6998
7001
7003
7004
7011
7017
7021
7022
7023
7030
7041
7050
7056
7059
7066
7070
7086
7088
7095
7097
7099
7100
7117
7119
7135
7141
7144
7175
7176
7179
7187
7189
7195
7202
7203
7206
7208
7211
7218
7220
7242
7244
7247
7249
7251
7255
7258
7260
7261
7267
7269
7272
7284
7300
7302
7303
7304
7318
7324
7328
7334
7336
7341
7344
7346
7348
7349
7350
7352
7360
7371
7372
7390
7391
7393
7397
7430
7437
7439
7441
7455
7461
7467
7477
7483
7485
7519
7531
7534
7536
7540
7543
7548
7549
7556
7558
7565
7574
7575
7578
7582
7592
7594
7599
7600
7610
7612
7616
7620
7630
7632
7638
7641
7647
7661
7662
7672
7676
7683
7694
7698
7703
7709
7712
7714
7716
7718
7719
7721
7732
7733
7742
7766
7772
7774
7776
7777
7778
7787
7823
7837
7838
7839
7844
7848
7862
7864
7869
7876
7877
7887
7897
7898
7904
7906
7916
7947
7962
7963
7967
7969
7979
7984
7986
7987
7990
8050
8052
8082
8087
8088
8092
8111
8120
8124
8125
8130
8139
8142
8146
8149
8152
8164
8165
8168
8170
8174
8175
8180
8190
8191
8204
8207
8209
8211
8223
8226
8230
8231
8234
8235
8264
8274
8279
8285
8293
8296
8297
8325
8328
8332
8338
8339
8346
8348
8357
8358
8368
8372
8373
8374
8380
8382
8386
8387
8390
8393
8396
8397
8398
8402
8405
8410
8412
8421
8426
8432
8440
8441
8446
8448
8457
8460
8467
8469
8473
8490
8492
8497
8499
8502
8503
8508
8511
8512
8516
8520
8521
8523
8532
8534
8544
8548
8555
8575
8593
8596
8600
8614
8616
8617
8618
8628
8674
8687
8690
8692
8697
8702
8704
8707
8709
8711
8717
8728
8733
8734
8745
8752
8759
8760
8761
8776
8785
8795
8799
8802
8806
8808
8811
8816
8817
8818
8819
8821
8844
8845
8846
8849
8858
8860
8865
8866
8868
8869
8873
8874
8887
8890
8891
8899
8901
8904
8916
8917
8918
8921
8927
8943
8947
8951
8952
8955
8956
8958
8960
8961
8973
8976
8991
8992
8994
8996
8997
9006
9010
9012
9013
9015
9020
9030
9031
9034
9041
9046
9047
9048
9055
9059
9060
9062
9071
9073
9075
9077
9085
9102
9108
9109
9112
9113
9120
9123
9125
9126
9127
9156
9157
9163
9165
9181
9183
9211
9217
9226
9229
9231
9234
9240
9247
9248
9255
9257
9277
9279
9289
9291
9295
9298
9302
9307
9309
9311
9313
9316
9319
9324
9325
9326
9327
9328
9329
9344
9347
9350
9353
9361
9362
9364
9367
9371
9372
9373
9393
9394
9404
9411
9413
9428
9431
9434
9438
9472
9474
9475
9477
9478
9494
9500
9501
9507
9510
9512
9515
9518
9531
9536
9539
9554
9580
9581
9583
9584
9585
9587
9590
9594
9595
9600
9602
9606
9610
9612
9613
9616
9618
9621
9626
9642
9644
9647
9648
9651
9653
9655
9664
9667
9698
9709
9720
9723
9728
9731
9732
9734
9739
9742
9746
9750
9753
9758
9760
9765
9767
9774
9778
9779
9787
9788
9801
9807
9817
9819
9822
9826
9831
9835
9845
9868
9869
9870
9873
9891
9893
9894
9897
9898
9900
9902
9904
9926
9933
9945
9966
9968
9976
9987
9992
9999
10003
10004
10005
10006
10009
10011
10014
10021
10022
10023
10026
10030
10035
10041
10042
10059
10061
10066
10070
10072
10086
10091
10092
10095
10096
10100
10102
10103
10109
10110
10126
10127
10128
10132
10133
10136
10144
10147
10149
10150
10160
10168
10171
10175
10177
10179
10182
10186
10190
10191
10195
10197
10206
10208
10209
10211
10212
10213
10216
10223
10224
10234
10239
10241
10242
10248
10258
10260
10263
10264
10270
10272
10278
10279
10282
10283
10296
10297
10302
10305
10309
10311
10314
10317
10320
10323
10325
10328
10332
10333
10339
10341
10344
10346
10352
10355
10378
10382
10398
10399
10435
10436
10437
10444
10450
10453
10456
10458
10462
10465
10467
10468
10470
10473
10486
10492
10493
10497
10507
10511
10517
10522
10525
10527
10528
10533
10534
10545
10546
10549
10554
10560
10562
10572
10587
10588
10592
10599
10601
10621
10632
10635
10637
10643
10644
10646
10651
10652
10657
10658
10659
10660
10662
10698
10699
10700
10703
10705
10707
10712
10725
10727
10729
10732
10735
10751
10764
10767
10770
10773
10778
10779
10783
10787
10789
10793
10800
10803
10817
10824
10827
10834
10844
10851
10857
10858
10859
10863
10866
10870
10872
10884
10885
10887
10889
10893
10896
10898
10900
10903
10923
10938
10939
10942
10944
10947
10948
10949
10952
10954
10958
10959
10960
10962
10965
10967
10971
10974
10976
10977
10978
10986
11010
11015
11018
11019
11020
11024
11026
11027
11029
11030
11031
11049
11050
11053
11060
11072
11074
11086
11091
11095
11097
11132
11133
11134
11135
11144
11147
11156
11164
11165
11168
11169
11170
11175
11178
11181
11198
11199
11203
11205
11206
11213
11266
11268
11273
11283
11286
11290
11295
11298
11300
11302
11304
11314
11317
11318
11319
11320
11324
11327
11331
11332
11341
11344
11347
11348
11351
11354
11355
11365
11367
11370
11373
11374
11382
11383
11384
11388
11394
11395
11400
11401
11404
11406
11408
11410
11413
11414
11416
11418
11425
11428
11433
11439
11440
11443
11446
11450
11451
11454
11474
11476
11486
11488
11492
11515
11519
11520
11547
11556
11557
11559
11563
11566
11578
11579
11585
11590
11595
11600
11602
11604
11607
11619
11629
11637
11639
11640
11642
11644
11647
11649
11650
11655
11658
11659
11690
11693
11695
11696
11701
11703
11704
11709
11716
11730
11731
11737
11739
11742
11743
11744
11746
11751
11762
11767
11770
11772
11774
11777
11783
11787
11791
11793
11798
11799
11800
11801
11805
11807
11812
11815
11817
11819
11849
11850
11851
11856
11875
11877
11880
11898
11900
11915
11917
11919
11921
11922
11925
11937
11939
11942
11949
11961
11964
11974
11977
11980
11982
11988
11990
11991
11992
12005
12009
12010
12019
12027
12028
12031
12055
12057
12058
12063
12066
12070
12073
12075
12076
12077
12082
12085
12086
12087
12093
12135
12137
12143
12144
12145
12163
12164
12171
12172
12177
12187
12200
12207
12208
12217
12221
12236
12240
12249
12252
12259
12263
12268
12274
12290
12292
12297
12299
12304
12307
12314
12315
12318
12343
12345
12346
12348
12357
12359
12390
12392
12393
12400
12402
12404
12409
12419
12431
12435
12439
12439
12441
12443
12444
12451
12454
12455
12456
12459
12463
12466
12467
12468
12472
12475
12490
12494
12496
12497
12501
12504
12509
12511
12514
12516
12519
12527
12529
12532
12560
12562
12564
12567
12570
12573
12575
12577
12588
12591
12595
12608
12615
12618
12619
12624
12629
12632
12640
12641
12645
12647
12661
12678
12709
12713
12714
12717
12720
12721
12729
12730
12750
12751
12752
12753
12754
12755
12756
12763
12767
12768
12777
12778
12781
12786
12794
12799
12801
12819
12820
12827
12832
12841
12844
12847
12848
12849
12850
12852
12853
12854
12859
12860
12863
12866
12869
12870
12873
12879
12884
12888
12889
12892
12895
12897
12907
12915
12916
12918
12925
12930
12934
12936
12943
12947
12949
12955
12957
12959
12962
12965
12972
12980
12987
12990
12994
12996
13008
13025
13029
13030
13037
13038
13040
13043
13045
13047
13048
13050
13051
13059
13088
13091
13092
13093
13095
13102
13104
13106
13112
13113
13123
13132
13133
13134
13135
13137
13150
13151
13161
13165
13166
13169
13171
13188
13197
13200
13202
13210
13213
13215
13224
13225
13240
13245
13247
13252
13259
13269
13274
13276
13279
13282
13293
13295
13296
13297
13316
13318
13324
13331
13336
13350
13360
13368
13369
13378
13380
13403
13405
13413
13435
13438
13457
13464
13467
13469
13476
13479
13483
13514
13522
13527
13528
13530
13531
13534
13535
13539
13540
13545
13546
13557
13558
13569
13572
13587
13590
13597
13622
13626
13635
13636
13637
13638
13641
13650
13652
13654
13655
13661
13665
13668
13699
13707
13711
13716
13725
13728
13733
13741
13744
13745
13746
13748
13751
13752
13755
13764
13765
13776
13782
13788
13793
13795
13808
13811
13814
13816
13818
13820
13822
13824
13834
13839
13841
13850
13852
13853
13870
13877
13878
13879
13881
13883
13890
13892
13896
13900
13902
13908
13911
13913
13921
13924
13927
13931
13933
13939
13941
13948
13952
13956
13971
13973
13976
13978
13988
13991
13993
14001
14002
14006
14007
14032
14033
14036
14038
14039
14041
14044
14050
14051
14061
14065
14069
14070
14075
14093
14094
14097
14113
14115
14119
14122
14150
14158
14160
14164
14165
14166
14175
14180
14183
14185
14190
14194
14202
14203
14213
14215
14219
14224
14238
14239
14243
14245
14248
14250
14256
14259
14261
14262
14264
14269
14270
14272
14274
14279
14280
14285
14295
14296
14303
14306
14307
14309
14315
14317
14321
14323
14324
14327
14329
14331
14332
14351
14354
14355
14358
14360
14363
14366
14373
14374
14376
14387
14388
14389
14392
14394
14396
14404
14406
14408
14423
14427
14428
14430
14431
14443
14457
14458
14461
14470
14487
14521
14523
14527
14528
14532
14538
14544
14546
14550
14554
14558
14559
14564
14568
14570
14573
14574
14587
14590
14591
14595
14596
14600
14603
14604
14609
14612
14619
14622
14639
14647
14648
14691
14700
14702
14706
14707
14709
14712
14743
14744
14745
14748
14750
14756
14757
14770
14771
14772
14790
14791
14801
14804
14805
14810
14812
14814
14816
14824
14825
14832
14834
14841
14843
14849
14852
14854
14868
14871
14874
14883
14898
14902
14904
14908
14912
14922
14926
14927
14931
14935
14940
14941
14942
14946
14964
14966
14967
14980
14983
14984
14985
14988
14989
14996
15006
15011
15013
15025
15031
15037
15052
15057
15058
15067
15068
15069
15071
15072
15073
15102
15103
15108
15113
15116
15121
15122
15124
15126
15128
15135
15142
15146
15147
15152
15158
15159
15160
15161
15163
15167
15174
15182
15185
15189
15190
15192
15194
15201
15204
15207
15226
15232
15234
15237
15240
15251
15252
15260
15265
15269
15271
15274
15278
15287
15289
15308
15312
15313
15314
15316
15322
15325
15327
15332
15336
15340
15362
15365
15368
15373
15377
15393
15394
15395
15401
15409
15412
15417
15419
15422
15428
15430
15434
15437
15454
15462
15464
15466
15471
15484
15509
15512
15513
15514
15516
15517
15520
15522
15540
15541
15547
15548
15552
15568
15575
15579
15580
15582
15586
15587
15590
15601
15602
15605
15606
15607
15618
15622
15637
15640
15650
15652
15667
15675
15676
15677
15679
15680
15689
15692
15693
15694
15707
15711
15712
15714
15724
15729
15732
15734
15768
15769
15771
15778
15779
15781
15799
15800
15803
15809
15810
15811
15814
15818
15821
15834
15835
15836
15848
15849
15865
15866
15868
15872
15879
15880
15881
15883
15902
15906
15907
15909
15910
15914
15917
15932
15935
15940
15943
15950
15964
15977
15994
15999
16016
16017
16018
16020
16023
16027
16034
16039
16045
16065
16081
16091
16118
16124
16129
16132
16133
16136
16166
16168
16169
16172
16173
16201
16207
16209
16231
16271
16273
16278
16280
16299
16309
16311
16350
16358
16364
16366
16369
16381
16385
16387
16393
16394
16395
16399
16403
16404
16415
16431
16454
16456
16460
16466
16467
16497
16498
16501
16504
16505
16508
16519
16524
16528
16536
16541
16546
16551
16553
16558
16560
16564
16570
16572
16587
16589
16593
16594
16599
16600
16602
16610
16619
16629
16634
16637
16638
16641
16690
16692
16694
16702
16705
16712
16719
16720
16727
16748
16750
16754
16760
16784
16787
16802
16803
16804
16805
16812
16814
16816
16826
16827
16830
16835
16837
16841
16842
16846
16847
16849
16856
16859
16860
16861
16862
16865
16866
16872
16877
16881
16885
16888
16892
16899
16903
16908
16910
16913
16914
16915
16926
16930
16934
16944
16946
16949
16952
16954
16960
16961
16963
16966
16968
16970
16993
16994
16996
17003
17005
17007
17014
17015
17018
17020
17024
17028
17030
17036
17040
17042
17044
17057
17058
17062
17118
17137
17139
17147
17151
17152
17158
17160
17163
17165
17168
17169
17174
17185
17189
17191
17193
17195
17208
17214
17215
17224
17251
17261
17262
17263
17265
17274
17279
17282
17285
17289
17291
17294
17295
17296
17297
17300
17303
17314
17315
17318
17319
17320
17324
17327
17328
17330
17337
17348
17349
17355
17356
17368
17371
17372
17374
17377
17382
17383
17391
17394
17396
17400
17406
17408
17411
17416
17418
17424
17429
17434
17437
17438
17459
17467
17469
17470
17471
17472
17480
17484
17493
17495
17501
17503
17509
17515
17525
17529
17534
17535
17538
17548
17553
17561
17575
17578
17580
17583
17585
17590
17591
17593
17595
17602
17605
17606
17630
17633
17635
17636
17639
17655
17656
17660
17666
17672
17675
17678
17679
17681
17697
17703
17704
17708
17710
17713
17716
17718
17720
17724
17734
17742
17762
17765
17768
17775
17778
17786
17788
17801
17818
17820
17821
17824
17825
17828
17830
17832
17848
17851
17874
17876
17880
17894
17899
17917
17923
17925
17927
17928
17942
17944
17960
17962
17964
17981
17982
17987
17999
18002
18008
18009
18012
18013
18014
18016
18020
18028
18032
18033
18041
18044
18045
18053
18056
18065
18066
18068
18069
18071
18077
18080
18095
18098
18101
18104
18106
18109
18110
18113
18114
18122
18125
18129
18148
18150
18151
18153
18156
18158
18159
18164
18165
18167
18168
18173
18175
18179
18182
18185
18188
18190
18195
18202
18215
18216
18217
18236
18240
18250
18265
18268
18283
18285
18287
18294
18297
18315
18321
18331
18332
18349
18352
18359
18363
18368
18369
18371
18372
18373
18376
18377
18380
18382
18384
18385
18392
18394
18395
18400
18413
18416
18417
18421
18428
18429
18431
18434
18443
18446
18449
18452
18477
18479
18480
18481
18500
18501
18501
18505
18509
18524
18527
18528
18533
18536
18546
18547
18550
18551
18553
18554
18557
18559
18561
18573
18574
18575
18579
18584
18592
18593
18595
18596
18597
18599
18603
18604
18610
18615
18617
18626
18628
18630
18633
18634
18637
18641
18642
18644
18650
18655
18659
18663
18664
18679
18683
18688
18694
18697
18720
18722
18728
18741
18751
18753
18757
18777
18780
18784
18787
18788
18792
18794
18812
18815
18816
18817
18818
18819
18826
18828
18846
18854
18855
18867
18869
18870
18880
18911
18912
18919
18929
18932
18933
18935
18947
18957
18959
18960
18961
18962
18964
18969
18972
18974
18981
18985
19002
19016
19022
19031
19036
19039
19061
19064
19065
19066
19071
19091
19093
19095
19098
19100
19103
19105
19107
19109
19111
19113
19115
19123
19125
19128
19132
19138
19143
19154
19161
19181
19183
19184
19186
19188
19190
19200
19202
19204
19209
19210
19211
19213
19220
19221
19224
19232
19235
19240
19250
19254
19263
19264
19267
19270
19278
19299
19305
19318
19341
19349
19367
19369
19394
19402
19447
19448
19475
19479
19487
19490
19497
19499
19500
19534
19535
19564
19606
19609
19611
19616
19617
19625
19655
19659
19675
19680
19682
19683
19684
19686
19687
19689
19691
19694
19695
19702
19703
19725
19733
19734
19737
19740
19743
19746
19749
19771
19776
19787
19790
19793
19796
19799
19801
19811
19812
19817
19825
19832
19837
19840
19841
19844
19848
19852
19861
19863
19869
19871
19873
19878
19879
19905
19922
19937
19939
19947
19955
19959
19982
19983
19986
19989
19993
20006
20010
20012
20013
20015
20017
20022
20023
20028
20030
20031
20033
20035
20036
20037
20038
20040
20042
20043
20057
20058
20095
20103
20105
20112
20115
20122
20124
20125
20128
20131
20135
20145
20147
20154
20156
20174
20180
20184
20194
20198
20200
20205
20220
20225
20234
20250
20251
20256
20259
20267
20268
20271
20272
20281
20282
20292
20302
20317
20323
20327
20329
20331
20344
20347
20351
20354
20358
20361
20364
20367
20372
20374
20384
20391
20396
20419
20420
20423
20430
20431
20432
20433
20436
20443
20447
20452
20480
20485
20488
20493
20494
20496
20522
20531
20532
20535
20538
20545
20546
20552
20553
20561
20565
20568
20574
20575
20576
20578
20579
20580
20581
20585
20587
20589
20601
20602
20611
20623
20627
20658
20670
20672
20680
20682
20689
20691
20692
20694
20695
20712
20716
20719
20723
20724
20732
20733
20735
20737
20739
20742
20748
20750
20755
20756
20758
20760
20768
20773
20775
20777
20778
20781
20782
20788
20800
20806
20814
20815
20816
20823
20828
20834
20837
20838
20840
20841
20851
20853
20858
20860
20862
20864
20875
20885
20888
20895
20910
20912
20914
20917
20920
20921
20923
20927
20936
20940
20942
20943
20946
20947
20976
20991
20994
21013
21014
21016
21022
21024
21026
21029
21034
21049
21085
21089
21091
21097
21104
21116
21129
21137
21139
21140
21145
21147
21184
21202
21203
21205
21209
21212
21215
21218
21220
21227
21228
21238
21242
21247
21249
21250
21252
21255
21262
21269
21290
21307
21318
21333
21335
21336
21337
21359
21365
21366
21367
21369
21392
21394
21404
21408
21419
21422
21444
21447
21448
21450
21451
21459
21462
21465
21470
21504
21506
21514
21527
21531
21550
21551
21553
21554
21555
21586
21621
21623
21627
21628
21635
21636
21637
21638
21653
21656
21659
21665
21667
21670
21671
21678
21695
21702
21705
21706
21717
21719
21720
21730
21733
21739
21740
21763
21764
21773
21784
21791
21792
21801
21803
21806
21826
21828
21831
21839
21842
21843
21846
21879
21884
21887
21889
21891
21893
21894
21895
21910
21926
21929
21938
21947
21951
21953
21961
21967
21973
21983
21985
21986
22000
22022
22024
22028
22029
22031
22035
22037
22039
22040
22044
22045
22049
22055
22058
22065
22069
22073
22089
22091
22092
22098
22113
22114
22117
22133
22134
22142
22149
22153
22155
22162
22164
22179
22183
22200
22202
22243
22245
22249
22255
22258
22259
22261
22267
22273
22277
22278
22283
22285
22286
22287
22289
22291
22293
22295
22297
22300
22307
22314
22322
22335
22336
22337
22339
22344
22353
22355
22356
22369
22372
22374
22376
22377
22379
22381
22384
22387
22389
22390
22393
22399
22402
22429
22435
22460
22463
22464
22470
22471
22472
22473
22476
22485
22489
22490
22491
22492
22500
22503
22504
22511
22517
22518
22524
22538
22549
22561
22566
22570
22573
22576
22578
22580
22600
22603
22608
22609
22617
22619
22620
22622
22623
22625
22647
22651
22653
22658
22664
22670
22678
22679
22680
22686
22708
22711
22713
22714
22718
22724
22741
22744
22747
22750
22753
22754
22755
22758
22759
22760
22761
22763
22774
22776
22778
22800
22802
22805
22806
22815
22819
22843
22850
22865
22870
22874
22879
22882
22883
22885
22887
22889
22891
22893
22897
22899
22905
22908
22910
22928
22930
22932
22935
22937
22947
22950
22982
22983
22994
22996
22999
23005
23007
23008
23022
23023
23030
23046
23049
23053
23058
23066
23067
23070
23076
23079
23083
23103
23105
23108
23117
23119
23125
23129
23134
23137
23141
23144
23175
23177
23183
23185
23198
23200
23202
23207
23213
23216
23218
23219
23220
23228
23239
23248
23279
23285
23288
23295
23300
23301
23303
23306
23308
23313
23316
23324
23325
23328
23351
23357
23358
23360
23364
23370
23374
23385
23388
23390
23391
23402
23404
23408
23410
23428
23431
23432
23435
23454
23456
23461
23481
23489
23492
23493
23496
23506
23520
23522
23528
23535
23536
23537
23539
23540
23544
23546
23549
23554
23556
23557
23563
23568
23572
23573
23577
23579
23598
23602
23603
23605
23608
23610
23611
23613
23616
23618
23628
23631
23632
23633
23639
23646
23647
23652
23653
23654
23655
23658
23689
23690
23692
23693
23729
23737
23740
23741
23742
23744
23747
23761
23765
23784
23789
23790
23792
23808
23824
23829
23831
23832
23835
23848
23855
23860
23866
23879
23883
23891
23892
23893
23916
23919
23924
23926
23929
23939
23941
23944
23945
23946
23953
23955
23956
23957
23973
23996
23997
23999
24018
24020
24028
24031
24038
24040
24041
24043
24051
24053
24058
24060
24063
24067
24071
24072
24076
24096
24100
24101
24103
24112
24119
24122
24125
24127
24134
24138
24142
24144
24149
24152
24153
24159
24161
24173
24174
24176
24177
24221
24223
24224
24225
24230
24240
24245
24251
24254
24255
24256
24260
24262
24264
24265
24266
24272
24276
24277
24281
24286
24288
24293
24294
24301
24305
24308
24314
24315
24317
24319
24321
24322
24325
24329
24335
24338
24339
24347
24348
24353
24355
24356
24358
24362
24363
24364
24369
24374
24375
24378
24381
24383
24384
24389
24393
24394
24396
24398
24400
24404
24405
24408
24409
24416
24417
24418
24422
24423
24426
24428
24429
24432
24437
24441
24444
24445
24453
24455
24456
24457
24459
24460
24469
24473
24474
24475
24477
24486
24487
24488
24495
24497
24499
24501
24503
24505
24507
24526
24538
24539
24544
24546
24554
24558
24567
24575
24584
24587
24588
24589
24595
24607
24608
24609
24610
24611
24619
24621
24623
24624
24626
24629
24631
24632
24636
24637
24638
24641
24657
24659
24673
24691
24693
24700
24702
24709
24741
24744
24748
24753
24774
24776
24777
24779
24781
24788
24800
24809
24811
24813
24815
24822
24824
24837
24842
24844
24856
24857
24861
24863
24880
24882
24883
24889
24892
24895
24899
24906
24909
24911
24913
24917
24922
24924
24925
24926
24928
24930
24931
24940
24942
24948
24952
24956
24959
24962
24964
24989
24991
24996
24999
25002
25009
25019
25029
25031
25032
25034
25039
25043
25046
25047
25051
25055
25059
25061
25063
25068
25069
25071
25088
25093
25099
25102
25105
25106
25109
25116
25118
25121
25135
25137
25138
25143
25157
25165
25170
25171
25178
25182
25183
25185
25186
25187
25188
25190
25193
25201
25203
25209
25214
25215
25217
25221
25223
25224
25236
25239
25240
25241
25244
25254
25256
25257
25260
25280
25282
25284
25289
25293
25297
25299
25300
25301
25304
25306
25310
25311
25314
25316
25323
25326
25331
25336
25367
25378
25380
25386
25435
25438
25439
25444
25451
25453
25456
25462
25463
25478
25480
25481
25484
25486
25491
25493
25494
25500
25505
25511
25512
25534
25538
25544
25546
25552
25553
25562
25564
25567
25575
25598
25601
25606
25613
25614
25627
25629
25632
25638
25640
25653
25658
25661
25667
25673
25674
25678
25679
25682
25709
25711
25713
25714
25715
25717
25719
25721
25722
25724
25739
25742
25748
25780
25781
25784
25788
25795
25797
25800
25802
25806
25810
25821
25826
25828
25830
25836
25838
25840
25846
25850
25852
25861
25862
25864
25866
25869
25879
25883
25884
25885
25895
25903
25907
25910
25911
25921
25922
25929
25934
25935
25936
25937
25940
25942
25945
25946
25947
25949
25954
25961
25962
25964
25970
25972
25974
25978
25994
25995
26001
26008
26009
26010
26015
26018
26019
26020
26023
26024
26027
26030
26032
26034
26037
26058
26071
26072
26074
26076
26086
26102
26103
26117
26118
26119
26120
26128
26132
26135
26139
26143
26145
26146
26147
26149
26152
26156
26169
26172
26179
26184
26186
26188
26197
26199
26201
26204
26207
26208
26209
26212
26217
26219
26221
26222
26224
26225
26231
26232
26249
26251
26266
26270
26271
26272
26277
26278
26281
26282
26284
26286
26288
26312
26313
26314
26321
26333
26339
26341
26345
26349
26353
26354
26367
26392
26394
26399
26401
26407
26408
26411
26412
26419
26456
26459
26468
26469
26470
26472
26480
26481
26483
26486
26494
26496
26499
26502
26504
26506
26510
26511
26512
26513
26516
26517
26518
26519
26522
26524
26525
26526
26529
26533
26534
26535
26550
26551
26567
26572
26575
26577
26581
26585
26590
26592
26597
26600
26603
26604
26613
26620
26623
26628
26632
26633
26635
26642
26651
26654
26658
26663
26667
26680
26681
26684
26693
26694
26703
26708
26711
26713
26727
26729
26732
26733
26735
26739
26772
26774
26786
26789
26798
26807
26820
26833
26835
26837
26847
26848
26858
26860
26862
26865
26866
26869
26871
26875
26876
26879
26893
26897
26901
26904
26905
26908
26910
26922
26923
26924
26930
26936
26942
26946
26949
26952
26957
26958
26962
26967
26974
26976
26985
26994
26997
27002
27003
27005
27012
27017
27019
27021
27023
27025
27028
27032
27039
27041
27045
27046
27049
27050
27052
27055
27056
27057
27058
27059
27062
27064
27065
27072
27073
27078
27084
27085
27089
27093
27096
27097
27118
27120
27123
27135
27137
27138
27142
27145
27147
27150
27162
27174
27182
27183
27185
27198
27201
27203
27204
27205
27207
27208
27211
27223
27224
27225
27231
27233
27241
27243
27258
27270
27273
27275
27306
27310
27317
27330
27332
27337
27339
27349
27352
27361
27362
27363
27365
27371
27376
27385
27387
27389
27391
27393
27396
27397
27403
27404
27405
27406
27409
27410
27415
27419
27422
27450
27455
27457
27462
27467
27475
27481
27482
27491
27499
27507
27510
27514
27516
27519
27542
27544
27552
27563
27568
27572
27574
27576
27581
27582
27600
27608
27612
27613
27618
27627
27629
27633
27637
27680
27682
27684
27685
27691
27692
27697
27699
27703
27704
27705
27707
27709
27710
27714
27733
27757
27760
27763
27769
27776
27784
27787
27800
27801
27823
27824
27826
27831
27837
27838
27842
27845
27846
27850
27858
27859
27868
27879
27882
27883
27884
27887
27890
27892
27893
27895
27896
27899
27901
27904
27910
27916
27918
27919
27922
27923
27927
27955
27956
27957
27966
27967
27975
27978
27980
27981
27983
27984
27985
27987
27992
27994
27996
27999
28001
28002
28005
28006
28007
28008
28011
28012
28013
28019
28020
28028
28030
28031
28036
28037
28039
28043
28044
28045
28048
28051
28054
28055
28062
28068
28103
28108
28126
28134
28145
28163
28165
28167
28169
28170
28174
28180
28181
28190
28206
28207
28228
28230
28232
28243
28245
28249
28250
28263
28265
28268
28269
28271
28284
28291
28295
28296
28297
28300
28301
28303
28304
28318
28323
28325
28327
28328
28332
28383
28384
28385
28389
28390
28392
28395
28400
28403
28413
28416
28420
28421
28424
28425
28428
28431
28439
28444
28475
28485
28495
28501
28516
28517
28519
28520
28523
28524
28528
28531
28536
28544
28553
28554
28562
28599
28601
28610
28612
28614
28615
28618
28620
28624
28627
28628
28634
28635
28651
28653
28657
28660
28665
28673
28676
28684
28686
28690
28692
28694
28695
28701
28704
28708
28711
28713
28716
28719
28721
28723
28737
28738
28742
28746
28747
28749
28754
28759
28776
28778
28789
28805
28809
28812
28815
28823
28824
28825
28826
28827
28839
28840
28843
28845
28846
28854
28855
28873
28887
28888
28894
28902
28904
28906
28909
28918
28922
28924
28926
28928
28930
28932
28935
28944
28946
28951
28987
28989
28991
28996
28999
29002
29004
29030
29031
29034
29041
29046
29048
29052
29053
29054
29061
29064
29069
29071
29075
29076
29079
29083
29094
29100
29101
29103
29124
29128
29154
29162
29165
29166
29171
29173
29177
29178
29185
29187
29188
29192
29209
29210
29211
29213
29214
29217
29219
29220
29221
29224
29225
29228
29232
29235
29239
29250
29251
29266
29271
29273
29274
29275
29282
29286
29320
29324
29327
29328
29333
29345
29351
29354
29391
29393
29395
29396
29404
29406
29407
29409
29421
29424
29426
29428
29436
29444
29447
29448
29456
29457
29462
29463
29466
29475
29476
29481
29494
29500
29502
29504
29522
29524
29527
29532
29537
29539
29542
29545
29556
29559
29560
29563
29565
29566
29567
29571
29575
29579
29594
29595
29601
29609
29610
29612
29614
29621
29629
29632
29651
29656
29657
29672
29681
29685
29708
29713
29722
29723
29725
29727
29730
29734
29738
29742
29746
29747
29776
29781
29784
29786
29796
29802
29807
29808
29813
29816
29825
29830
29831
29839
29843
29846
29859
29860
29863
29872
29886
29905
29934
29937
29949
29989
29991
29999
30001
30014
30020
30050
30052
30075
30079
30081
30083
30085
30087
30092
30093
30096
30098
30099
30104
30105
30111
30112
30117
30127
30129
30134
30139
30147
30148
30150
30181
30183
30185
30189
30192
30194
30198
30207
30210
30228
30232
30233
30235
30237
30247
30258
30260
30270
30273
30276
30278
30279
30280
30284
30287
30293
30295
30299
30301
30302
30306
30309
30311
30312
30319
30324
30337
30339
30341
30346
30348
30356
30361
30362
30369
30372
30375
30376
30377
30378
30380
30387
30394
30396
30404
30408
30416
30417
30423
30446
30447
30449
30450
30452
30454
30459
30461
30462
30484
30489
30501
30502
30503
30504
30508
30514
30521
30522
30527
30528
30530
30540
30542
30543
30544
30554
30559
30561
30565
30568
30570
30572
30573
30575
30589
30592
30594
30596
30599
30600
30606
30608
30611
30613
30614
30616
30619
30622
30631
30634
30637
30642
30648
30654
30664
30668
30675
30680
30683
30686
30689
30703
30709
30717
30721
30723
30724
30733
30736
30739
30744
30748
30750
30751
30755
30766
30767
30768
30771
30772
30775
30778
30781
30786
30787
30789
30791
30815
30818
30828
30836
30839
30840
30853
30858
30875
30879
30886
30887
30893
30894
30895
30900
30901
30902
30904
30908
30916
30917
30919
30932
30933
30946
30958
30961
30962
30977
30984
30986
30988
30998
30999
31003
31007
31016
31025
31029
31033
31036
31038
31039
31047
31056
31059
31067
31068
31069
31076
31077
31083
31084
31086
31088
31092
31098
31100
31109
31112
31114
31118
31120
31127
31129
31131
31153
31157
31159
31162
31169
31175
31176
31179
31180
31185
31195
31226
31229
31231
31235
31240
31241
31252
31257
31260
31268
31271
31273
31274
31277
31283
31285
31287
31288
31289
31290
31295
31296
31301
31317
31327
31329
31331
31353
31355
31363
31365
31374
31375
31381
31382
31385
31400
31413
31414
31417
31421
31430
31433
31438
31439
31441
31456
31458
31465
31471
31476
31478
31480
31499
31500
31506
31508
31512
31513
31514
31523
31524
31527
31529
31531
31539
31548
31554
31559
31560
31570
31572
31578
31579
31582
31590
31594
31597
31598
31599
31608
31611
31612
31613
31618
31636
31639
31653
31655
31657
31665
31669
31679
31686
31689
31691
31701
31702
31705
31737
31745
31747
31757
31760
31765
31767
31772
31815
31818
31819
31821
31827
31843
31848
31851
31853
31862
31866
31869
31894
31896
31897
31903
31907
31929
31932
31935
31937
31938
31946
31947
31949
31954
31957
31958
31960
31970
31972
31979
31981
31984
31985
32028
32029
32033
32034
32046
32047
32053
32066
32067
32070
32075
32089
32092
32104
32121
32123
32126
32130
32132
32135
32138
32139
32162
32164
32171
32176
32179
32180
32187
32188
32194
32196
32199
32212
32215
32219
32221
32223
32225
32233
32234
32236
32237
32238
32249
32251
32257
32258
32262
32269
32286
32288
32297
32298
32302
32303
32305
32306
32312
32314
32319
32321
32324
32326
32328
32331
32332
32334
32341
32342
32344
32347
32356
32359
32360
32361
32412
32417
32420
32424
32435
32437
32443
32447
32451
32453
32457
32460
32463
32470
32477
32479
32481
32492
32525
32527
32531
32533
32535
32543
32545
32547
32557
32558
32559
32560
32561
32567
32568
32570
32573
32587
32594
32596
32599
32600
32602
32604
32612
32614
32621
32623
32625
32627
32629
32631
32637
32638
32640
32644
32647
32654
32657
32658
32670
32672
32674
32679
32685
32700
32736
32748
32750
32751
32752
32753
32776
32780
32793
32795
32796
32803
32814
32823
32829
32854
32857
32859
32860
32862
32864
32866
32867
32869
32881
32886
32887
32888
32891
32892
32894
32897
32903
32908
32912
32921
32924
32939
32940
32941
32943
32968
32970
32971
32972
32973
32976
32979
32989
32993
33001
33009
33012
33030
33031
33034
33050
33058
33076
33078
33079
33081
33082
33083
33084
33085
33088
33090
33099
33101
33104
33105
33116
33117
33133
33139
33151
33152
33155
33173
33179
33181
33182
33193
33194
33213
33215
33225
33226
33227
33239
33243
33244
33246
33249
33253
33281
33283
33292
33306
33308
33319
33323
33356
33360
33366
33367
33376
33378
33380
33390
33391
33392
33398
33402
33404
33414
33422
33427
33435
33437
33438
33441
33460
33462
33464
33467
33471
33477
33478
33490
33492
33494
33501
33505
33519
33522
33525
33527
33529
33533
33534
33547
33548
33557
33566
33582
33596
33599
33603
33606
33616
33619
33620
33622
33624
33630
33654
33663
33664
33673
33674
33677
33684
33686
33688
33693
33702
33703
33706
33707
33721
33722
33723
33724
33731
33732
33738
33742
33746
33750
33753
33757
33759
33760
33761
33763
33764
33767
33772
33775
33792
33793
33794
33801
33806
33810
33817
33819
33823
33863
33864
33867
33869
33870
33873
33875
33878
33881
33889
33892
33897
33902
33906
33907
33912
33929
33930
33933
33935
33936
33943
33945
33949
33950
33952
33955
33958
33963
33965
33967
33969
33970
33974
33975
33979
33980
33983
33984
33985
33986
33987
33990
33992
33993
33994
33996
33998
33999
34006
34010
34014
34015
34018
34021
34037
34038
34041
34053
34054
34056
34058
34059
34081
34082
34085
34087
34089
34093
34097
34108
34110
34120
34123
34130
34132
34134
34136
34143
34159
34165
34172
34173
34174
34175
34190
34191
34194
34196
34203
34206
34208
34214
34221
34223
34224
34227
34233
34237
34238
34239
34244
34249
34277
34287
34291
34292
34293
34296
34310
34315
34318
34322
34328
34331
34337
34343
34345
34346
34348
34349
34351
34353
34356
34366
34369
34370
34374
34379
34381
34387
34388
34390
34393
34394
34398
34399
34400
34402
34403
34407
34414
34423
34427
34431
34435
34439
34441
34443
34447
34450
34457
34462
34465
34467
34469
34472
34473
34474
34481
34484
34487
34489
34495
34506
34537
34541
34542
34543
34546
34565
34569
34571
34572
34574
34578
34581
34586
34587
34596
34597
34636
34638
34663
34676
34679
34683
34685
34686
34687
34690
34692
34693
34698
34699
34701
34713
34714
34728
34730
34739
34744
34758
34767
34775
34776
34778
34780
34785
34786
34787
34791
34805
34807
34810
34816
34822
34823
34825
34827
34829
34830
34832
34844
34846
34850
34852
34856
34863
34883
34888
34898
34902
34905
34917
34921
34922
34926
34930
34947
34951
34953
34961
34972
34977
34981
34983
34990
34992
35000
35007
35022
35025
35029
35033
35035
35039
35070
35076
35080
35086
35089
35093
35094
35120
35128
35131
35139
35140
35146
35150
35152
35155
35158
35176
35192
35200
35212
35214
35215
35216
35224
35228
35230
35235
35242
35246
35247
35249
35251
35253
35254
35256
35258
35262
35265
35269
35275
35279
35280
35305
35309
35311
35330
35332
35334
35337
35339
35340
35348
35349
35355
35357
35359
35360
35366
35369
35372
35373
35387
35389
35390
35391
35393
35399
35400
35403
35406
35409
35413
35414
35426
35429
35437
35438
35440
35445
35447
35456
35469
35471
35475
35478
35484
35494
35522
35531
35533
35535
35538
35539
35555
35558
35559
35565
35573
35576
35580
35582
35585
35592
35594
35596
35597
35603
35605
35608
35611
35619
35620
35622
35624
35648
35654
35656
35679
35681
35683
35685
35687
35688
35696
35698
35704
35706
35708
35709
35725
35729
35735
35736
35739
35741
35742
35743
35747
35750
35754
35761
35762
35770
35771
35772
35776
35779
35802
35803
35804
35806
35807
35817
35823
35825
35826
35837
35841
35843
35846
35848
35849
35860
35861
35863
35864
35866
35878
35887
35895
35905
35908
35909
35916
35918
35919
35923
35924
35925
35927
35931
35940
35942
35951
35953
35954
35956
35960
35963
35964
35965
35967
35979
35986
35988
35990
35991
35993
35995
36012
36016
36017
36024
36031
36033
36037
36041
36042
36047
36050
36063
36068
36070
36084
36085
36105
36111
36129
36130
36131
36137
36147
36168
36171
36173
36190
36193
36198
36199
36209
36212
36215
36216
36223
36225
36226
36228
36229
36232
36237
36249
36250
36251
36254
36274
36288
36319
36330
36332
36336
36337
36339
36343
36346
36349
36355
36356
36357
36361
36363
36382
36413
36415
36417
36420
36423
36428
36442
36444
36446
36452
36455
36458
36462
36464
36470
36477
36480
36481
36483
36485
36486
36490
36491
36493
36506
36509
36518
36552
36560
36562
36563
36569
36575
36581
36587
36590
36592
36597
36612
36615
36616
36617
36618
36619
36621
36626
36634
36635
36644
36647
36650
36655
36656
36662
36664
36668
36676
36677
36678
36687
36692
36693
36715
36720
36722
36725
36727
36728
36741
36743
36748
36750
36752
36762
36764
36771
36792
36795
36797
36799
36801
36807
36808
36809
36813
36822
36835
36836
36842
36845
36847
36849
36850
36851
36853
36863
36866
36883
36884
36886
36888
36890
36892
36893
36907
36911
36913
36919
36922
36927
36928
36931
36933
36941
36942
36948
36949
36951
36953
36954
36956
36957
36960
36967
36978
36979
37002
37024
37028
37030
37039
37040
37047
37050
37051
37056
37061
37066
37067
37069
37070
37072
37075
37078
37080
37082
37084
37101
37104
37106
37110
37122
37126
37129
37130
37131
37133
37138
37153
37161
37162
37176
37177
37180
37215
37220
37226
37256
37259
37268
37270
37289
37291
37292
37294
37296
37299
37303
37304
37310
37311
37313
37315
37316
37320
37321
37323
37335
37351
37358
37359
37360
37364
37365
37384
37388
37390
37392
37396
37399
37400
37407
37417
37423
37426
37429
37438
37444
37445
37449
37453
37456
37458
37468
37512
37517
37518
37520
37522
37523
37525
37532
37533
37534
37535
37537
37539
37541
37547
37552
37559
37561
37584
37586
37587
37589
37594
37632
37635
37637
37638
37648
37651
37652
37676
37679
37681
37684
37702
37710
37721
37723
37741
37744
37749
37751
37754
37760
37772
37775
37776
37777
37780
37782
37785
37790
37795
37796
37797
37800
37801
37809
37813
37816
37821
37824
37849
37850
37852
37853
37856
37858
37860
37861
37899
37903
37931
37964
37986
38001
38032
38033
38035
38038
38047
38057
38060
38066
38071
38072
38073
38074
38076
38078
38082
38085
38088
38092
38099
38105
38107
38111
38122
38124
38127
38129
38130
38143
38147
38149
38152
38176
38189
38192
38197
38198
38205
38208
38209
38215
38217
38222
38225
38226
38228
38230
38233
38237
38240
38255
38257
38258
38260
38262
38263
38264
38266
38267
38269
38295
38296
38298
38300
38302
38305
38306
38308
38309
38318
38321
38322
38323
38327
38330
38355
38356
38358
38361
38364
38366
38369
38370
38380
38381
38382
38384
38386
38387
38407
38408
38409
38411
38412
38414
38415
38417
38427
38429
38431
38433
38435
38436
38437
38441
38447
38449
38450
38451
38452
38453
38471
38473
38476
38482
38484
38485
38488
38491
38494
38496
38497
38510
38514
38516
38528
38531
38542
38544
38547
38548
38550
38566
38571
38572
38586
38587
38589
38590
38600
38602
38604
38612
38613
38617
38625
38628
38630
38643
38645
38646
38649
38655
38658
38659
38662
38669
38674
38675
38676
38678
38680
38684
38686
38689
38690
38691
38693
38698
38702
38707
38710
38712
38730
38731
38734
38745
38747
38749
38755
38770
38773
38778
38779
38786
38789
38792
38794
38817
38821
38829
38832
38836
38837
38851
38864
38865
38870
38873
38874
38892
38896
38897
38899
38902
38904
38909
38928
38930
38933
38938
38961
38974
38979
38981
38987
38994
38997
39004
39005
39010
39011
39015
39029
39031
39036
39038
39044
39046
39056
39058
39069
39072
39077
39079
39085
39086
39093
39102
39105
39106
39114
39116
39122
39125
39132
39135
39138
39140
39143
39153
39160
39167
39178
39183
39186
39190
39198
39201
39224
39242
39257
39258
39264
39267
39274
39275
39276
39277
39281
39282
39314
39318
39322
39330
39331
39339
39342
39344
39345
39346
39350
39354
39358
39362
39365
39366
39369
39384
39387
39389
39390
39394
39395
39408
39417
39419
39424
39439
39441
39442
39450
39462
39464
39466
39469
39470
39471
39479
39480
39482
39485
39486
39504
39513
39515
39517
39525
39526
39528
39532
39542
39546
39550
39556
39572
39575
39577
39584
39585
39586
39588
39593
39604
39606
39608
39626
39633
39634
39635
39658
39659
39670
39675
39679
39680
39692
39700
39703
39711
39714
39716
39727
39731
39735
39736
39738
39741
39744
39757
39759
39760
39779
39782
39790
39792
39794
39795
39804
39806
39813
39816
39829
39832
39835
39837
39840
39849
39855
39857
39860
39863
39889
39892
39895
39901
39904
39908
39911
39913
39915
39924
39943
39952
39972
40011
40021
40034
40052
40062
40064
40066
40075
40078
40101
40109
40117
40119
40121
40126
40128
40130
40138
40141
40144
40149
40150
40154
40158
40166
40168
40176
40183
40184
40197
40198
40200
40203
40206
40208
40210
40214
40216
40228
40232
40235
40237
40240
40241
40242
40244
40248
40258
40260
40262
40266
40268
40274
40287
40293
40295
40300
40305
40307
40310
40315
40320
40324
40327
40330
40331
40344
40346
40348
40351
40352
40356
40361
40366
40379
40389
40390
40395
40405
40413
40414
40419
40424
40425
40426
40435
40438
40439
40440
40441
40443
40448
40454
40461
40464
40467
40472
40475
40476
40482
40483
40495
40496
40511
40513
40514
40515
40523
40550
40551
40556
40562
40564
40567
40568
40578
40585
40597
40598
40606
40610
40626
40628
40632
40633
40640
40641
40644
40648
40652
40658
40665
40671
40676
40682
40683
40685
40696
40699
40703
40705
40707
40713
40714
40718
40721
40724
40727
40730
40732
40733
40735
40738
40740
40741
40742
40744
40745
40746
40750
40751
40756
40757
40766
40789
40792
40795
40796
40797
40800
40810
40812
40814
40818
40819
40822
40824
40825
40839
40845
40849
40850
40860
40865
40866
40870
40873
40874
40876
40929
40931
40935
40938
40943
40945
40951
40952
40956
40957
40959
40962
40964
40965
40967
40968
40969
40971
40973
40977
40982
40986
40988
40990
40994
40996
40998
41000
41015
41018
41026
41035
41039
41048
41057
41060
41063
41069
41071
41077
41088
41090
41093
41095
41097
41099
41105
41106
41108
41113
41118
41121
41122
41134
41155
41162
41165
41168
41170
41176
41183
41184
41186
41188
41199
41202
41203
41204
41216
41217
41255
41256
41267
41269
41270
41276
41277
41278
41285
41311
41325
41327
41336
41337
41352
41355
41356
41374
41375
41377
41382
41384
41387
41389
41391
41392
41394
41399
41400
41402
41404
41405
41409
41410
41430
41431
41433
41434
41459
41463
41464
41467
41469
41471
41473
41477
41478
41480
41486
41492
41493
41496
41506
41507
41509
41515
41516
41520
41526
41531
41541
41544
41551
41553
41556
41559
41560
41561
41570
41572
41575
41584
41586
41590
41591
41595
41601
41602
41606
41609
41616
41619
41623
41632
41641
41644
41648
41656
41662
41664
41666
41668
41674
41677
41678
41684
41687
41692
41694
41698
41703
41710
41712
41714
41719
41722
41728
41730
41732
41735
41736
41737
41739
41746
41757
41759
41762
41766
41769
41773
41779
41782
41797
41798
41799
41801
41811
41816
41819
41835
41837
41838
41840
41853
41861
41881
41893
41894
41896
41906
41912
41917
41918
41929
41932
41937
41939
41941
41942
41945
41946
41961
41970
41971
41987
41989
42008
42015
42025
42027
42028
42031
42032
42033
42035
42037
42056
42062
42063
42064
42081
42097
42100
42121
42152
42155
42156
42164
42168
42172
42185
42186
42188
42191
42193
42199
42200
42206
42208
42210
42212
42217
42219
42220
42226
42236
42242
42245
42248
42249
42251
42257
42259
42278
42279
42292
42294
42297
42299
42301
42316
42319
42322
42340
42342
42345
42348
42350
42351
42354
42355
42356
42359
42363
42366
42384
42389
42391
42399
42400
42401
42402
42403
42404
42407
42415
42418
42421
42423
42465
42468
42476
42480
42482
42490
42493
42501
42505
42506
42507
42509
42517
42526
42536
42550
42552
42558
42560
42562
42569
42573
42576
42577
42579
42603
42604
42607
42609
42619
42621
42623
42640
42665
42666
42675
42678
42679
42681
42682
42686
42688
42689
42690
42693
42694
42697
42698
42700
42701
42702
42704
42705
42717
42724
42726
42733
42734
42736
42737
42744
42745
42757
42771
42777
42780
42800
42802
42803
42805
42807
42825
42828
42829
42838
42845
42850
42853
42857
42860
42863
42866
42867
42868
42869
42872
42878
42889
42902
42904
42905
42912
42914
42917
42920
42922
42924
42966
42967
42970
42973
42976
42981
42987
42988
42990
42993
43014
43029
43035
43037
43040
43042
43044
43066
43067
43072
43076
43089
43095
43101
43105
43108
43111
43114
43116
43120
43123
43125
43132
43134
43143
43144
43147
43157
43158
43168
43169
43174
43176
43177
43181
43231
43235
43242
43247
43249
43267
43285
43293
43302
43304
43312
43314
43321
43325
43326
43327
43336
43338
43343
43346
43348
43351
43352
43353
43360
43387
43391
43395
43405
43421
43432
43459
43464
43468
43471
43480
43483
43495
43498
43524
43526
43532
43533
43536
43539
43540
43547
43549
43551
43555
43556
43559
43562
43564
43565
43570
43581
43585
43587
43593
43638
43639
43644
43646
43648
43656
43658
43659
43666
43669
43672
43676
43682
43686
43705
43709
43712
43715
43727
43736
43737
43740
43756
43759
43761
43763
43764
43766
43772
43787
43790
43804
43805
43808
43809
43812
43819
43820
43821
43822
43823
43825
43826
43827
43828
43829
43832
43835
43849
43869
43874
43880
43890
43891
43893
43894
43926
43947
43950
43951
43954
43956
43957
43959
43961
43976
43983
43985
43986
44000
44001
44007
44010
44012
44014
44016
44025
44026
44029
44030
44032
44034
44039
44043
44046
44047
44053
44058
44064
44065
44068
44075
44078
44086
44090
44092
44095
44097
44101
44104
44107
44113
44114
44118
44125
44127
44128
44132
44134
44138
44143
44146
44147
44149
44150
44154
44156
44166
44187
44189
44191
44192
44193
44196
44199
44207
44208
44213
44232
44234
44236
44240
44242
44243
44244
44249
44251
44262
44263
44271
44274
44275
44277
44278
44280
44281
44283
44294
44295
44306
44314
44316
44340
44343
44350
44355
44414
44418
44427
44432
44449
44461
44465
44473
44475
44479
44484
44485
44490
44491
44495
44499
44501
44504
44505
44509
44516
44520
44527
44529
44538
44540
44543
44547
44566
44568
44569
44572
44585
44586
44587
44588
44590
44593
44603
44605
44612
44615
44616
44623
44624
44627
44629
44632
44641
44642
44644
44651
44654
44666
44668
44671
44674
44690
44691
44692
44711
44713
44718
44721
44726
44727
44730
44733
44739
44740
44750
44753
44755
44756
44773
44774
44777
44800
44803
44841
44843
44846
44848
44850
44853
44873
44876
44882
44884
44885
44887
44889
44892
44924
44925
44933
44935
44937
44951
44952
44965
44968
44970
44974
44995
45000
45001
45002
45005
45015
45023
45025
45037
45041
45042
45046
45048
45050
45059
45070
45073
45074
45092
45094
45112
45115
45123
45127
45135
45136
45138
45148
45151
45162
45167
45177
45179
45183
45184
45199
45201
45206
45208
45211
45215
45217
45237
45242
45248
45267
45270
45278
45283
45287
45291
45293
45295
45297
45299
45304
45305
45310
45313
45316
45318
45321
45324
45333
45335
45339
45341
45348
45350
45351
45354
45367
45402
45414
45439
45454
45455
45457
45475
45476
45481
45482
45490
45494
45498
45508
45510
45511
45512
45514
45517
45522
45523
45529
45531
45537
45546
45561
45574
45579
45581
45586
45589
45596
45602
45622
45623
45641
45643
45644
45648
45652
45653
45654
45658
45659
45660
45662
45667
45668
45669
45672
45674
45675
45684
45690
45691
45693
45695
45700
45711
45716
45717
45728
45729
45730
45735
45736
45740
45741
45744
45755
45760
45772
45775
45781
45801
45805
45823
45826
45831
45833
45841
45842
45845
45846
45847
45849
45860
45861
45862
45869
45871
45875
45892
45894
45907
45909
45913
45915
45918
45923
45924
45929
45947
45948
45952
45957
45961
45978
45991
45997
46017
46024
46031
46032
46034
46040
46050
46075
46076
46079
46082
46102
46108
46109
46122
46124
46125
46127
46129
46130
46131
46132
46135
46140
46178
46212
46215
46218
46221
46228
46229
46238
46239
46242
46249
46252
46275
46280
46282
46289
46293
46294
46296
46298
46299
46300
46301
46304
46307
46308
46309
46316
46317
46318
46321
46325
46328
46332
46342
46344
46349
46351
46360
46368
46370
46372
46377
46378
46381
46383
46385
46390
46393
46394
46404
46405
46414
46416
46417
46418
46421
46424
46430
46431
46434
46441
46443
46444
46448
46455
46458
46461
46462
46463
46485
46486
46488
46489
46520
46542
46543
46548
46561
46562
46570
46577
46580
46603
46614
46616
46620
46621
46629
46631
46632
46641
46644
46648
46651
46653
46657
46662
46663
46666
46669
46671
46677
46680
46683
46685
46688
46689
46693
46695
46699
46713
46714
46718
46721
46729
46733
46744
46745
46747
46756
46772
46777
46778
46782
46787
46788
46789
46795
46799
46800
46802
46805
46806
46807
46815
46817
46818
46820
46826
46829
46831
46834
46846
46848
46849
46853
46855
46856
46862
46864
46865
46871
46881
46883
46885
46888
46916
46919
46925
46927
46934
46936
46943
46945
46946
46949
46952
46954
46986
46994
46998
46999
47005
47007
47011
47055
47056
47062
47067
47068
47069
47074
47077
47080
47081
47088
47095
47097
47098
47099
47117
47118
47120
47121
47128
47129
47136
47138
47145
47146
47148
47149
47154
47166
47169
47170
47174
47176
47177
47179
47180
47183
47207
47215
47217
47220
47223
47251
47253
47259
47270
47271
47273
47276
47279
47286
47290
47291
47296
47299
47300
47301
47321
47322
47323
47325
47337
47343
47344
47346
47355
47357
47358
47359
47370
47371
47375
47381
47390
47398
47402
47405
47407
47409
47410
47413
47418
47419
47421
47424
47438
47442
47447
47460
47464
47465
47468
47472
47484
47495
47504
47513
47514
47522
47523
47524
47525
47537
47538
47541
47543
47548
47551
47552
47561
47567
47569
47588
47589
47592
47600
47602
47623
47630
47636
47651
47680
47684
47685
47687
47690
47692
47695
47697
47699
47700
47711
47714
47716
47717
47742
47743
47744
47747
47749
47756
47757
47758
47759
47762
47784
47787
47790
47792
47793
47795
47798
47799
47801
47817
47819
47821
47823
47836
47842
47848
47859
47862
47865
47867
47869
47873
47877
47882
47891
47892
47903
47914
47919
47925
47931
47936
47940
47941
47942
47955
47960
47965
47972
47974
47976
47988
47990
47996
47997
47999
48000
48001
48003
48004
48005
48010
48013
48018
48019
48022
48025
48028
48029
48030
48037
48039
48045
48048
48058
48059
48060
48063
48065
48069
48086
48095
48116
48125
48129
48133
48137
48142
48143
48146
48156
48159
48186
48195
48197
48217
48219
48220
48222
48223
48224
48228
48236
48256
48263
48269
48278
48287
48294
48296
48299
48301
48304
48321
48324
48325
48347
48373
48375
48378
48379
48382
48383
48388
48394
48412
48414
48415
48417
48419
48420
48422
48423
48432
48433
48435
48446
48449
48450
48457
48459
48462
48465
48471
48473
48474
48491
48493
48494
48495
48496
48497
48517
48520
48532
48534
48546
48551
48552
48557
48559
48560
48573
48574
48580
48584
48589
48592
48612
48614
48624
48629
48630
48631
48634
48635
48636
48637
48639
48640
48641
48645
48661
48662
48664
48666
48668
48684
48686
48695
48702
48708
48746
48750
48752
48755
48761
48769
48774
48775
48780
48788
48791
48799
48801
48802
48811
48816
48817
48820
48828
48831
48845
48846
48849
48851
48855
48856
48877
48885
48888
48891
48892
48894
48904
48909
48915
48917
48934
48944
48948
48949
48950
48952
48953
48956
48959
48963
48965
48966
48969
48971
48973
48988
49008
49022
49023
49024
49032
49035
49037
49045
49049
49050
49055
49056
49057
49059
49063
49064
49067
49069
49072
49076
49091
49093
49094
49095
49097
49106
49111
49112
49115
49117
49118
49122
49133
49147
49149
49155
49163
49167
49168
49171
49176
49178
49180
49182
49209
49222
49230
49232
49234
49235
49241
49243
49245
49256
49261
49264
49297
49299
49322
49323
49341
49357
49360
49384
49389
49399
49407
49408
49409
49425
49427
49428
49434
49442
49443
49445
49451
49455
49478
49483
49484
49486
49488
49510
49515
49518
49520
49522
49525
49529
49538
49544
49568
49572
49575
49576
49578
49587
49596
49597
49600
49602
49604
49610
49614
49619
49622
49631
49632
49633
49641
49643
49654
49659
49672
49673
49674
49675
49676
49677
49678
49681
49687
49696
49701
49709
49712
49713
49714
49721
49722
49736
49737
49738
49739
49742
49743
49747
49752
49753
49755
49765
49770
49772
49779
49782
49786
49791
49792
49799
49804
49806
49807
49810
49814
49832
49834
49839
49840
49856
49866
49868
49870
49871
49881
49882
49884
49886
49887
49892
49895
49903
49935
49945
49954
49958
49959
49977
49981
49984
50007
50010
50011
50013
50017
50027
50030
50034
50036
50040
50042
50043
50044
50049
50061
50063
50069
50081
50085
50090
50091
50129
50131
50135
50138
50145
50147
50148
50150
50152
50157
50163
50166
50175
50176
50177
50181
50184
50185
50186
50205
50209
50213
50215
50226
50227
50231
50245
50247
50254
50258
50261
50262
50264
50270
50271
50277
50281
50284
50285
50289
50291
50305
50308
50309
50312
50317
50321
50326
50331
50334
50340
50341
50342
50343
50348
50349
50353
50362
50383
50389
50391
50393
50398
50400
50403
50408
50409
50412
50413
50416
50424
50434
50438
50442
50444
50446
50450
50455
50466
50479
50486
50489
50510
50512
50532
50533
50534
50546
50557
50559
50560
50563
50564
50566
50570
50572
50577
50580
50598
50608
50610
50615
50628
50634
50635
50637
50641
50643
50658
50659
50664
50676
50684
50694
50695
50697
50704
50713
50719
50721
50729
50737
50738
50741
50755
50756
50764
50766
50771
50773
50774
50775
50776
50778
50779
50783
50784
50787
50796
50798
50800
50824
50847
50852
50875
50884
50888
50889
50891
50896
50905
50909
50914
50928
50938
50939
50952
50958
50960
50983
50991
50999
51000
51002
51004
51005
51006
51007
51013
51015
51018
51023
51025
51028
51030
51042
51046
51047
51053
51054
51056
51058
51059
51070
51071
51072
51073
51077
51100
51101
51104
51106
51107
51123
51134
51137
51144
51151
51163
51165
51174
51176
51178
51201
51211
51212
51217
51222
51244
51247
51261
51262
51266
51268
51270
51272
51282
51286
51306
51308
51311
51312
51314
51316
51317
51319
51321
51323
51325
51329
51332
51337
51342
51362
51363
51390
51393
51400
51403
51405
51406
51408
51412
51416
51418
51419
51424
51429
51431
51447
51450
51474
51475
51478
51479
51486
51505
51515
51516
51519
51521
51525
51534
51543
51546
51549
51550
51554
51555
51562
51563
51564
51568
51573
51574
51581
51582
51588
51589
51591
51593
51595
51596
51602
51604
51617
51618
51619
51620
51623
51624
51626
51628
51632
51635
51644
51645
51648
51660
51672
51674
51680
51683
51687
51717
51724
51729
51730
51732
51759
51768
51776
51793
51794
51795
51799
51809
51811
51813
51818
51821
51825
51831
51835
51837
51855
51856
51858
51862
51864
51866
51870
51874
51875
51876
51877
51887
51889
51891
51892
51893
51894
51898
51900
51906
51909
51910
51912
51915
51917
51920
51925
51926
51932
51934
51943
51946
